0.0 0.034 0 0.005
0.002719298245614035 0.047 0 0.005
0.004 0.072 0 0.005
0.0004166666666666667 0.108 0 0.005
0.004 0.124 0 0.005
0.0022291666666666666 0.164 0 0.005
0.0012666666666666666 0.21 0 0.005
0.0008095238095238096 0.274 0 0.005
0.0033125 0.327 0 0.005
0.0 0.362 0 0.005
0.004 0.389 0 0.005
0.0 0.428 0 0.005
0.0017435897435897436 0.452 0 0.005
0.002719298245614035 0.499 0 0.005
0.0022291666666666666 0.58 0 0.005
0.0004166666666666667 0.593 0 0.005
0.002719298245614035 0.626 0 0.005
0.0012666666666666666 0.637 0 0.005
0.0008095238095238096 0.659 0 0.005
0.004 0.675 0 0.005
0.002719298245614035 0.694 0 0.005
0.0017435897435897436 0.745 0 0.005
0.0008095238095238096 0.785 0 0.005
0.0 0.828 0 0.005
0.0 0.847 0 0.005
0.0 0.879 0 0.005
0.0033125 0.9 0 0.005
0.0008095238095238096 0.912 0 0.005
0.0022291666666666666 0.938 0 0.005
0.005 0.92 0 0.005
0.006 0.016 0 0.005
0.006 0.283 0 0.005
0.006 0.737 0 0.005
0.006 0.814 0 0.005
0.007 0.854 0 0.005
0.008 0.145 0 0.005
0.008 0.199 0 0.005
0.008 0.296 0 0.005
0.008 0.866 0 0.005
0.009 0.515 0 0.005
0.009 0.535 0 0.005
0.009 0.775 0 0.005
0.01 0.247 0 0.005
0.01 0.546 0 0.005
0.011 0.172 0 0.005
0.011 0.372 0 0.005
0.011 0.713 0 0.005
0.011 0.843 0 0.005
0.011 0.945 0 0.005
0.012 0.025 0 0.005
0.012 0.697 0 0.005
0.013 0.98 0 0.005
0.015 0.113 0 0.005
0.015 0.128 0 0.005
0.015 0.391 0 0.005
0.015 0.442 0 0.005
0.015 0.756 0 0.005
0.016 0.6 0 0.005
0.016 0.919 0 0.005
0.017 0.006 0 0.005
0.017 0.069 0 0.005
0.018 0.348 0 0.005
0.018 0.402 0 0.005
0.018 0.634 0 0.005
0.018 0.856 0 0.005
0.02 0.235 0 0.005
0.02 0.251 0 0.005
0.02 0.311 0 0.005
0.02 0.476 0 0.005
0.02 0.569 0 0.005
0.02 0.789 0 0.005
0.02 0.872 0 0.005
0.02 0.892 0 0.005
0.021 0.554 0 0.005
0.021 0.822 0 0.005
0.021 0.835 0 0.005
0.022 0.276 0 0.005
0.022 0.417 0 0.005
0.022 0.725 0 0.005
0.023 0.143 0 0.005
0.023 0.431 0 0.005
0.023 0.908 0 0.005
0.025 0.299 0 0.005
0.026 0.984 0 0.005
0.027 0.329 0 0.005
0.027 0.58 0 0.005
0.027 0.736 0 0.005
0.026 0.9985833333333334 0 0.005
0.028 0.196 0 0.005
0.028 0.243 0 0.005
0.028 0.458 0 0.005
0.029 0.083 0 0.005
0.029 0.166 0 0.005
0.029 0.221 0 0.005
0.029 0.762 0 0.005
0.03 0.004 0 0.005
0.03 0.963 0 0.005
0.031 0.099 0 0.005
0.031 0.181 0 0.005
0.031 0.281 0 0.005
0.031 0.495 0 0.005
0.031 0.792 0 0.005
0.032 0.018 0 0.005
0.033 0.7 0 0.005
0.034 0.253 0 0.005
0.034 0.911 0 0.005
0.035 0.028 0 0.005
0.035 0.133 0 0.005
0.035 0.478 0 0.005
0.035 0.62 0 0.005
0.036 0.564 0 0.005
0.036 0.81 0 0.005
0.036 0.99 0 0.005
0.037 0.054 0 0.005
0.037 0.272 0 0.005
0.037 0.639 0 0.005
0.037 0.716 0 0.005
0.038 0.383 0 0.005
0.038 0.427 0 0.005
0.039 0.856 0 0.005
0.04 0.523 0 0.005
0.04 0.755 0 0.005
0.041 0.203 0 0.005
0.041 0.554 0 0.005
0.041 0.728 0 0.005
0.041 0.87 0 0.005
0.042 0.217 0 0.005
0.042 0.414 0 0.005
0.042 0.842 0 0.005
0.043 0.112 0 0.005
0.043 0.162 0 0.005
0.043 0.4 0 0.005
0.043 0.465 0 0.005
0.043 0.906 0 0.005
0.044 0.366 0 0.005
0.044 0.51 0 0.005
0.044 0.535 0 0.005
0.045 0.007 0 0.005
0.045 0.983 0 0.005
0.046 0.041 0 0.005
0.046 0.122 0 0.005
0.046 0.924 0 0.005
0.047 0.272 0 0.005
0.047 0.378 0 0.005
0.047 0.602 0 0.005
0.047 0.888 0 0.005
0.047 0.953 0 0.005
0.048 0.288 0 0.005
0.048 0.326 0 0.005
0.048 0.349 0 0.005
0.048 0.446 0 0.005
0.049 0.59 0 0.005
0.05 0.197 0 0.005
0.051 0.144 0 0.005
0.051 0.48 0 0.005
0.051 0.524 0 0.005
0.051 0.553 0 0.005
0.05 0.0 0 0.005
0.053 0.784 0 0.005
0.053 0.964 0 0.005
0.054 0.221 0 0.005
0.054 0.362 0 0.005
0.054 0.62 0 0.005
0.054 0.824 0 0.005
0.053 0.9985833333333334 0 0.005
0.055 0.061 0 0.005
0.055 0.21 0 0.005
0.055 0.403 0 0.005
0.055 0.535 0 0.005
0.055 0.572 0 0.005
0.055 0.667 0 0.005
0.055 0.838 0 0.005
0.056 0.741 0 0.005
0.056 0.762 0 0.005
0.057 0.012 0 0.005
0.057 0.305 0 0.005
0.057 0.372 0 0.005
0.057 0.467 0 0.005
0.057 0.492 0 0.005
0.057 0.898 0 0.005
0.059 0.105 0 0.005
0.059 0.241 0 0.005
0.059 0.343 0 0.005
0.059 0.636 0 0.005
0.06 0.034 0 0.005
0.06 0.88 0 0.005
0.06 0.918 0 0.005
0.061 0.187 0 0.005
0.061 0.39 0 0.005
0.061 0.524 0 0.005
0.061 0.584 0 0.005
0.064 0.719 0 0.005
0.065 0.277 0 0.005
0.065 0.406 0 0.005
0.065 0.855 0 0.005
0.066 0.225 0 0.005
0.066 0.562 0 0.005
0.067 0.454 0 0.005
0.067 0.612 0 0.005
0.068 0.379 0 0.005
0.068 0.9 0 0.005
0.067 0.9985833333333334 0 0.005
0.069 0.121 0 0.005
0.07 0.286 0 0.005
0.07 0.795 0 0.005
0.071 0.014 0 0.005
0.071 0.161 0 0.005
0.071 0.643 0 0.005
0.071 0.658 0 0.005
0.071 0.825 0 0.005
0.071 0.933 0 0.005
0.071 0.944 0 0.005
0.072 0.105 0 0.005
0.072 0.423 0 0.005
0.072 0.956 0 0.005
0.073 0.038 0 0.005
0.073 0.138 0 0.005
0.073 0.204 0 0.005
0.073 0.678 0 0.005
0.074 0.236 0 0.005
0.074 0.261 0 0.005
0.074 0.494 0 0.005
0.074 0.54 0 0.005
0.074 0.848 0 0.005
0.074 0.892 0 0.005
0.075 0.07 0 0.005
0.075 0.186 0 0.005
0.075 0.508 0 0.005
0.075 0.596 0 0.005
0.075 0.75 0 0.005
0.076 0.025 0 0.005
0.076 0.971 0 0.005
0.077 0.271 0 0.005
0.077 0.368 0 0.005
0.077 0.522 0 0.005
0.077 0.874 0 0.005
0.078 0.251 0 0.005
0.078 0.777 0 0.005
0.079 0.13 0 0.005
0.079 0.917 0 0.005
0.08 0.321 0 0.005
0.081 0.333 0 0.005
0.081 0.45 0 0.005
0.081 0.799 0 0.005
0.082 0.092 0 0.005
0.083 0.739 0 0.005
0.083 0.842 0 0.005
0.083 0.942 0 0.005
0.084 0.178 0 0.005
0.084 0.299 0 0.005
0.084 0.468 0 0.005
0.085 0.064 0 0.005
0.085 0.346 0 0.005
0.085 0.644 0 0.005
0.085 0.71 0 0.005
0.085 0.98 0 0.005
0.086 0.082 0 0.005
0.086 0.211 0 0.005
0.086 0.407 0 0.005
0.086 0.479 0 0.005
0.086 0.561 0 0.005
0.086 0.597 0 0.005
0.086 0.76 0 0.005
0.087 0.101 0 0.005
0.087 0.229 0 0.005
0.088 0.311 0 0.005
0.088 0.44 0 0.005
0.089 0.024 0 0.005
0.089 0.9967708333333334 0 0.005
0.09 0.425 0 0.005
0.091 0.577 0 0.005
0.091 0.805 0 0.005
0.092 0.494 0 0.005
0.092 0.867 0 0.005
0.093 0.325 0 0.005
0.093 0.352 0 0.005
0.093 0.505 0 0.005
0.093 0.536 0 0.005
0.093 0.771 0 0.005
0.094 0.143 0 0.005
0.094 0.519 0 0.005
0.094 0.92 0 0.005
0.095 0.069 0 0.005
0.095 0.296 0 0.005
0.096 0.339 0 0.005
0.097 0.284 0 0.005
0.097 0.782 0 0.005
0.097 0.893 0 0.005
0.097 0.98 0 0.005
0.098 0.634 0 0.005
0.098 0.937 0 0.005
0.099 0.042 0 0.005
0.099 0.268 0 0.005
0.099 0.751 0 0.005
0.101 0.455 0 0.005
0.101 0.605 0 0.005
0.101 0.69 0 0.005
0.101 0.831 0 0.005
0.102 0.054 0 0.005
0.102 0.115 0 0.005
0.102 0.225 0 0.005
0.102 0.548 0 0.005
0.103 0.101 0 0.005
0.103 0.869 0 0.005
0.104 0.176 0 0.005
0.105 0.844 0 0.005
0.106 0.011 0 0.005
0.106 0.714 0 0.005
0.106 0.888 0 0.005
0.106 0.973 0 0.005
0.107 0.031 0 0.005
0.107 0.079 0 0.005
0.107 0.131 0 0.005
0.107 0.248 0 0.005
0.107 0.346 0 0.005
0.107 0.477 0 0.005
0.108 0.496 0 0.005
0.108 0.597 0 0.005
0.108 0.769 0 0.005
0.109 0.066 0 0.005
0.109 0.644 0 0.005
0.11 0.294 0 0.005
0.11 0.91 0 0.005
0.111 0.374 0 0.005
0.111 0.619 0 0.005
0.111 0.66 0 0.005
0.111 0.995 0 0.005
0.112 0.277 0 0.005
0.112 0.723 0 0.005
0.112 0.742 0 0.005
0.112 0.932 0 0.005
0.112 0.951 0 0.005
0.113 0.092 0 0.005
0.113 0.216 0 0.005
0.113 0.585 0 0.005
0.113 0.853 0 0.005
0.113 0.872 0 0.005
0.114 0.194 0 0.005
0.114 0.454 0 0.005
0.114 0.508 0 0.005
0.114 0.567 0 0.005
0.114 0.702 0 0.005
0.115 0.54 0 0.005
0.116 0.519 0 0.005
0.117 0.046 0 0.005
0.117 0.229 0 0.005
0.117 0.407 0 0.005
0.117 0.76 0 0.005
0.117 0.82 0 0.005
0.118 0.712 0 0.005
0.119 0.035 0 0.005
0.119 0.134 0 0.005
0.119 0.772 0 0.005
0.12 0.385 0 0.005
0.12 0.61 0 0.005
0.12 0.651 0 0.005
0.121 0.077 0 0.005
0.121 0.315 0 0.005
0.121 0.886 0 0.005
0.121 0.961 0 0.005
0.121 0.98 0 0.005
0.122 0.255 0 0.005
0.122 0.493 0 0.005
0.123 0.591 0 0.005
0.123 0.875 0 0.005
0.124 0.066 0 0.005
0.124 0.747 0 0.005
0.125 0.272 0 0.005
0.125 0.414 0 0.005
0.125 0.453 0 0.005
0.125 0.859 0 0.005
0.126 0.004 0 0.005
0.126 0.027 0 0.005
0.126 0.114 0 0.005
0.126 0.637 0 0.005
0.126 0.698 0 0.005
0.127 0.127 0 0.005
0.127 0.184 0 0.005
0.127 0.224 0 0.005
0.127 0.47 0 0.005
0.128 0.37 0 0.005
0.128 0.624 0 0.005
0.128 0.953 0 0.005
0.129 0.174 0 0.005
0.129 0.735 0 0.005
0.129 0.788 0 0.005
0.129 0.812 0 0.005
0.129 0.83 0 0.005
0.13 0.103 0 0.005
0.13 0.31 0 0.005
0.131 0.573 0 0.005
0.131 0.713 0 0.005
0.132 0.149 0 0.005
0.133 0.259 0 0.005
0.133 0.385 0 0.005
0.133 0.868 0 0.005
0.134 0.965 0 0.005
0.135 0.338 0 0.005
0.136 0.011 0 0.005
0.136 0.407 0 0.005
0.137 0.054 0 0.005
0.137 0.22 0 0.005
0.137 0.704 0 0.005
0.138 0.424 0 0.005
0.139 0.19 0 0.005
0.139 0.678 0 0.005
0.139 0.889 0 0.005
0.14 0.0012666666666666666 0 0.005
0.14 0.776 0 0.005
0.141 0.04 0 0.005
0.141 0.376 0 0.005
0.142 0.128 0 0.005
0.142 0.23 0 0.005
0.142 0.298 0 0.005
0.142 0.547 0 0.005
0.142 0.809 0 0.005
0.143 0.159 0 0.005
0.143 0.643 0 0.005
0.143 0.981 0 0.005
0.144 0.172 0 0.005
0.144 0.288 0 0.005
0.144 0.524 0 0.005
0.144 0.861 0 0.005
0.145 0.911 0 0.005
0.148 0.017 0 0.005
0.148 0.492 0 0.005
0.149 0.391 0 0.005
0.149 0.897 0 0.005
0.15 0.324 0 0.005
0.15 0.359 0 0.005
0.15 0.606 0 0.005
0.15 0.67 0 0.005
0.15 0.699 0 0.005
0.15 0.802 0 0.005
0.15 0.971 0 0.005
0.151 0.339 0 0.005
0.151 0.448 0 0.005
0.151 0.76 0 0.005
0.152 0.189 0 0.005
0.152 0.723 0 0.005
0.153 0.562 0 0.005
0.153 0.628 0 0.005
0.154 0.065 0 0.005
0.154 0.22 0 0.005
0.155 0.287 0 0.005
0.155 0.468 0 0.005
0.155 0.814 0 0.005
0.156 0.039 0 0.005
0.156 0.368 0 0.005
0.156 0.875 0 0.005
0.157 0.501 0 0.005
0.157 0.749 0 0.005
0.157 0.783 0 0.005
0.158 0.258 0 0.005
0.158 0.572 0 0.005
0.158 0.739 0 0.005
0.157 0.9985833333333334 0 0.005
0.157 0.0 0 0.005
0.159 0.486 0 0.005
0.16 0.312 0 0.005
0.16 0.603 0 0.005
0.16 0.679 0 0.005
0.16 0.695 0 0.005
0.16 0.94 0 0.005
0.161 0.08 0 0.005
0.161 0.615 0 0.005
0.161 0.639 0 0.005
0.161 0.826 0 0.005
0.161 0.91 0 0.005
0.161 0.955 0 0.005
0.163 0.226 0 0.005
0.163 0.376 0 0.005
0.163 0.727 0 0.005
0.164 0.166 0 0.005
0.164 0.548 0 0.005
0.164 0.991 0 0.005
0.165 0.352 0 0.005
0.166 0.338 0 0.005
0.167 0.142 0 0.005
0.167 0.783 0 0.005
0.168 0.497 0 0.005
0.169 0.261 0 0.005
0.169 0.393 0 0.005
0.169 0.532 0 0.005
0.169 0.891 0 0.005
0.169 0.974 0 0.005
0.17 0.277 0 0.005
0.17 0.518 0 0.005
0.171 0.052 0 0.005
0.171 0.305 0 0.005
0.171 0.37 0 0.005
0.171 0.43 0 0.005
0.171 0.929 0 0.005
0.172 0.076 0 0.005
0.173 0.64 0 0.005
0.173 0.708 0 0.005
0.173 0.729 0 0.005
0.174 0.627 0 0.005
0.174 0.812 0 0.005
0.175 0.031 0 0.005
0.175 0.154 0 0.005
0.176 0.012 0 0.005
0.176 0.237 0 0.005
0.176 0.597 0 0.005
0.177 0.669 0 0.005
0.177 0.744 0 0.005
0.178 0.061 0 0.005
0.178 0.32 0 0.005
0.178 0.45 0 0.005
0.178 0.54 0 0.005
0.178 0.615 0 0.005
0.178 0.858 0 0.005
0.179 0.476 0 0.005
0.179 0.777 0 0.005
0.18 0.362 0 0.005
0.18 0.409 0 0.005
0.181 0.289 0 0.005
0.181 0.378 0 0.005
0.181 0.789 0 0.005
0.182 0.187 0 0.005
0.182 0.214 0 0.005
0.182 0.761 0 0.005
0.183 0.049 0 0.005
0.183 0.722 0 0.005
0.183 0.871 0 0.005
0.184 0.025 0 0.005
0.184 0.556 0 0.005
0.185 0.098 0 0.005
0.185 0.244 0 0.005
0.186 0.23 0 0.005
0.186 0.933 0 0.005
0.187 0.139 0 0.005
0.187 0.674 0 0.005
0.188 0.321 0 0.005
0.188 0.497 0 0.005
0.188 0.588 0 0.005
0.188 0.832 0 0.005
0.189 0.822 0 0.005
0.189 0.983 0 0.005
0.19 0.201 0 0.005
0.19 0.784 0 0.005
0.19 0.953 0 0.005
0.191 0.0033125 0 0.005
0.191 0.082 0 0.005
0.191 0.256 0 0.005
0.191 0.301 0 0.005
0.192 0.119 0 0.005
0.192 0.34 0 0.005
0.192 0.457 0 0.005
0.192 0.51 0 0.005
0.192 0.64 0 0.005
0.192 0.754 0 0.005
0.192 0.767 0 0.005
0.192 0.996280701754386 0 0.005
0.193 0.799 0 0.005
0.194 0.74 0 0.005
0.194 0.899 0 0.005
0.195 0.103 0 0.005
0.195 0.375 0 0.005
0.195 0.434 0 0.005
0.195 0.627 0 0.005
0.195 0.965 0 0.005
0.196 0.161 0 0.005
0.196 0.31 0 0.005
0.196 0.351 0 0.005
0.197 0.486 0 0.005
0.198 0.208 0 0.005
0.199 0.15 0 0.005
0.199 0.227 0 0.005
0.199 0.576 0 0.005
0.199 0.91 0 0.005
0.201 0.647 0 0.005
0.202 0.549 0 0.005
0.202 0.773 0 0.005
0.202 0.928 0 0.005
0.203 0.191 0 0.005
0.203 0.262 0 0.005
0.203 0.724 0 0.005
0.203 0.859 0 0.005
0.204 0.497 0 0.005
0.204 0.508 0 0.005
0.204 0.602 0 0.005
0.204 0.709 0 0.005
0.205 0.123 0 0.005
0.205 0.437 0 0.005
0.205 0.977 0 0.005
0.206 0.294 0 0.005
0.206 0.348 0 0.005
0.206 0.458 0 0.005
0.207 0.559 0 0.005
0.207 0.661 0 0.005
0.208 0.741 0 0.005
0.209 0.036 0 0.005
0.209 0.365 0 0.005
0.209 0.761 0 0.005
0.21 0.54 0 0.005
0.211 0.4 0 0.005
0.211 0.424 0 0.005
0.211 0.469 0 0.005
0.211 0.871 0 0.005
0.212 0.208 0 0.005
0.212 0.255 0 0.005
0.212 0.321 0 0.005
0.212 0.912 0 0.005
0.213 0.513 0 0.005
0.213 0.994 0 0.005
0.214 0.165 0 0.005
0.214 0.231 0 0.005
0.214 0.524 0 0.005
0.214 0.602 0 0.005
0.214 0.845 0 0.005
0.215 0.382 0 0.005
0.215 0.69 0 0.005
0.216 0.632 0 0.005
0.217 0.415 0 0.005
0.218 0.279 0 0.005
0.218 0.354 0 0.005
0.22 0.092 0 0.005
0.22 0.114 0 0.005
0.22 0.331 0 0.005
0.22 0.481 0 0.005
0.22 0.971 0 0.005
0.22 0.984 0 0.005
0.221 0.188 0 0.005
0.221 0.294 0 0.005
0.221 0.938 0 0.005
0.222 0.159 0 0.005
0.222 0.31 0 0.005
0.223 0.064 0 0.005
0.223 0.267 0 0.005
0.224 0.137 0 0.005
0.224 0.241 0 0.005
0.225 0.0033125 0 0.005
0.225 0.67 0 0.005
0.225 0.698 0 0.005
0.223 0.999 0 0.005
0.226 0.223 0 0.005
0.226 0.592 0 0.005
0.226 0.904 0 0.005
0.227 0.651 0 0.005
0.227 0.869 0 0.005
0.228 0.199 0 0.005
0.228 0.687 0 0.005
0.228 0.992 0 0.005
0.229 0.021 0 0.005
0.229 0.049 0 0.005
0.229 0.388 0 0.005
0.23 0.412 0 0.005
0.23 0.474 0 0.005
0.231 0.504 0 0.005
0.231 0.514 0 0.005
0.232 0.084 0 0.005
0.232 0.343 0 0.005
0.232 0.459 0 0.005
0.232 0.732 0 0.005
0.232 0.852 0 0.005
0.232 0.967 0 0.005
0.233 0.16 0 0.005
0.233 0.291 0 0.005
0.233 0.358 0 0.005
0.233 0.378 0 0.005
0.234 0.142 0 0.005
0.234 0.232 0 0.005
0.234 0.316 0 0.005
0.235 0.401 0 0.005
0.235 0.659 0 0.005
0.236 0.634 0 0.005
0.236 0.772 0 0.005
0.237 0.484 0 0.005
0.238 0.095 0 0.005
0.238 0.194 0 0.005
0.238 0.678 0 0.005
0.239 0.105 0 0.005
0.239 0.574 0 0.005
0.24 0.124 0 0.005
0.24 0.17 0 0.005
0.24 0.696 0 0.005
0.24 0.826 0 0.005
0.241 0.018 0 0.005
0.241 0.501 0 0.005
0.24 0.0 0 0.005
0.242 0.433 0 0.005
0.242 0.474 0 0.005
0.243 0.051 0 0.005
0.243 0.288 0 0.005
0.243 0.519 0 0.005
0.243 0.592 0 0.005
0.243 0.763 0 0.005
0.243 0.871 0 0.005
0.244 0.22 0 0.005
0.244 0.317 0 0.005
0.244 0.793 0 0.005
0.245 0.245 0 0.005
0.245 0.298 0 0.005
0.246 0.662 0 0.005
0.246 0.98 0 0.005
0.246 0.9956875 0 0.005
0.247 0.903 0 0.005
0.248 0.026 0 0.005
0.248 0.155 0 0.005
0.248 0.403 0 0.005
0.248 0.715 0 0.005
0.248 0.839 0 0.005
0.248 0.95 0 0.005
0.249 0.102 0 0.005
0.249 0.339 0 0.005
0.249 0.385 0 0.005
0.249 0.54 0 0.005
0.25 0.702 0 0.005
0.251 0.132 0 0.005
0.251 0.465 0 0.005
0.251 0.577 0 0.005
0.251 0.849 0 0.005
0.252 0.04 0 0.005
0.253 0.49 0 0.005
0.253 0.528 0 0.005
0.253 0.61 0 0.005
0.253 0.63 0 0.005
0.253 0.798 0 0.005
0.253 0.926 0 0.005
0.254 0.169 0 0.005
0.254 0.364 0 0.005
0.254 0.509 0 0.005
0.254 0.668 0 0.005
0.255 0.184 0 0.005
0.255 0.548 0 0.005
0.256 0.422 0 0.005
0.256 0.679 0 0.005
0.256 0.77 0 0.005
0.257 0.061 0 0.005
0.257 0.088 0 0.005
0.257 0.597 0 0.005
0.257 0.728 0 0.005
0.258 0.886 0 0.005
0.259 0.236 0 0.005
0.26 0.435 0 0.005
0.26 0.561 0 0.005
0.26 0.969 0 0.005
0.261 0.935 0 0.005
0.262 0.313 0 0.005
0.262 0.694 0 0.005
0.263 0.032 0 0.005
0.263 0.445 0 0.005
0.263 0.751 0 0.005
0.263 0.917 0 0.005
0.264 0.22 0 0.005
0.264 0.869 0 0.005
0.265 0.346 0 0.005
0.265 0.803 0 0.005
0.266 0.158 0 0.005
0.266 0.504 0 0.005
0.266 0.769 0 0.005
0.266 0.901 0 0.005
0.267 0.261 0 0.005
0.267 0.55 0 0.005
0.268 0.105 0 0.005
0.268 0.302 0 0.005
0.268 0.359 0 0.005
0.268 0.409 0 0.005
0.269 0.584 0 0.005
0.269 0.628 0 0.005
0.269 0.791 0 0.005
0.269 0.844 0 0.005
0.27 0.131 0 0.005
0.27 0.398 0 0.005
0.27 0.6 0 0.005
0.27 0.828 0 0.005
0.271 0.964 0 0.005
0.272 0.384 0 0.005
0.273 0.005 0 0.005
0.273 0.051 0 0.005
0.273 0.892 0 0.005
0.273 0.948 0 0.005
0.274 0.69 0 0.005
0.276 0.555 0 0.005
0.276 0.614 0 0.005
0.277 0.183 0 0.005
0.277 0.214 0 0.005
0.277 0.92 0 0.005
0.278 0.143 0 0.005
0.278 0.164 0 0.005
0.278 0.372 0 0.005
0.278 0.45 0 0.005
0.278 0.721 0 0.005
0.278 0.982 0 0.005
0.279 0.202 0 0.005
0.279 0.248 0 0.005
0.279 0.418 0 0.005
0.279 0.522 0 0.005
0.279 0.681 0 0.005
0.28 0.112 0 0.005
0.28 0.298 0 0.005
0.28 0.731 0 0.005
0.28 0.864 0 0.005
0.281 0.232 0 0.005
0.281 0.258 0 0.005
0.281 0.483 0 0.005
0.281 0.589 0 0.005
0.282 0.44 0 0.005
0.282 0.771 0 0.005
0.282 0.935 0 0.005
0.283 0.017 0 0.005
0.283 0.286 0 0.005
0.283 0.875 0 0.005
0.284 0.71 0 0.005
0.285 0.38 0 0.005
0.286 0.006 0 0.005
0.286 0.503 0 0.005
0.286 0.661 0 0.005
0.286 0.754 0 0.005
0.286 0.851 0 0.005
0.288 0.068 0 0.005
0.288 0.177 0 0.005
0.288 0.21 0 0.005
0.288 0.347 0 0.005
0.288 0.423 0 0.005
0.288 0.82 0 0.005
0.289 0.241 0 0.005
0.289 0.324 0 0.005
0.289 0.546 0 0.005
0.289 0.785 0 0.005
0.289 0.914 0 0.005
0.29 0.305 0 0.005
0.29 0.559 0 0.005
0.29 0.571 0 0.005
0.291 0.114 0 0.005
0.291 0.252 0 0.005
0.291 0.642 0 0.005
0.291 0.722 0 0.005
0.291 0.928 0 0.005
0.292 0.189 0 0.005
0.292 0.403 0 0.005
0.292 0.493 0 0.005
0.293 0.085 0 0.005
0.293 0.16 0 0.005
0.293 0.388 0 0.005
0.293 0.675 0 0.005
0.293 0.689 0 0.005
0.295 0.979 0 0.005
0.296 0.606 0 0.005
0.297 0.023 0 0.005
0.297 0.584 0 0.005
0.297 0.761 0 0.005
0.297 0.881 0 0.005
0.297 0.969 0 0.005
0.298 0.15 0 0.005
0.298 0.269 0 0.005
0.298 0.626 0 0.005
0.298 0.92 0 0.005
0.299 0.125 0 0.005
0.299 0.534 0 0.005
0.299 0.805 0 0.005
0.3 0.362 0 0.005
0.3 0.935 0 0.005
0.301 0.327 0 0.005
0.301 0.414 0 0.005
0.301 0.451 0 0.005
0.301 0.833 0 0.005
0.302 0.177 0 0.005
0.302 0.189 0 0.005
0.302 0.461 0 0.005
0.302 0.566 0 0.005
0.303 0.635 0 0.005
0.303 0.716 0 0.005
0.304 0.072 0 0.005
0.304 0.377 0 0.005
0.304 0.705 0 0.005
0.304 0.741 0 0.005
0.304 0.894 0 0.005
0.305 0.058 0 0.005
0.306 0.135 0 0.005
0.306 0.199 0 0.005
0.306 0.427 0 0.005
0.306 0.65 0 0.005
0.306 0.819 0 0.005
0.307 0.119 0 0.005
0.307 0.612 0 0.005
0.307 0.86 0 0.005
0.308 0.158 0 0.005
0.308 0.483 0 0.005
0.309 0.227 0 0.005
0.309 0.344 0 0.005
0.309 0.387 0 0.005
0.309 0.968 0 0.005
0.312 0.875 0 0.005
0.313 0.367 0 0.005
0.313 0.542 0 0.005
0.313 0.563 0 0.005
0.313 0.631 0 0.005
0.313 0.981 0 0.005
0.314 0.128 0 0.005
0.314 0.795 0 0.005
0.314 0.829 0 0.005
0.315 0.037 0 0.005
0.315 0.081 0 0.005
0.315 0.21 0 0.005
0.315 0.276 0 0.005
0.315 0.333 0 0.005
0.315 0.921 0 0.005
0.316 0.752 0 0.005
0.317 0.0017435897435897436 0 0.005
0.317 0.109 0 0.005
0.317 0.237 0 0.005
0.317 0.397 0 0.005
0.317 0.452 0 0.005
0.317 0.854 0 0.005
0.318 0.322 0 0.005
0.318 0.661 0 0.005
0.319 0.7 0 0.005
0.319 0.993 0 0.005
0.32 0.189 0 0.005
0.32 0.259 0 0.005
0.32 0.344 0 0.005
0.32 0.407 0 0.005
0.32 0.574 0 0.005
0.321 0.512 0 0.005
0.321 0.595 0 0.005
0.321 0.622 0 0.005
0.322 0.052 0 0.005
0.322 0.477 0 0.005
0.323 0.436 0 0.005
0.323 0.607 0 0.005
0.324 0.422 0 0.005
0.325 0.814 0 0.005
0.326 0.952 0 0.005
0.327 0.859 0 0.005
0.327 0.987 0 0.005
0.328 0.143 0 0.005
0.328 0.32 0 0.005
0.328 0.933 0 0.005
0.329 0.166 0 0.005
0.329 0.287 0 0.005
0.329 0.349 0 0.005
0.329 0.373 0 0.005
0.329 0.585 0 0.005
0.33 0.045 0 0.005
0.33 0.153 0 0.005
0.33 0.552 0 0.005
0.33 0.646 0 0.005
0.33 0.678 0 0.005
0.33 0.847 0 0.005
0.331 0.031 0 0.005
0.331 0.258 0 0.005
0.331 0.448 0 0.005
0.331 0.533 0 0.005
0.331 0.634 0 0.005
0.331 0.694 0 0.005
0.331 0.726 0 0.005
0.331 0.78 0 0.005
0.332 0.0008095238095238096 0 0.005
0.332 0.398 0 0.005
0.333 0.416 0 0.005
0.333 0.514 0 0.005
0.333 0.709 0 0.005
0.333 0.882 0 0.005
0.334 0.125 0 0.005
0.334 0.268 0 0.005
0.335 0.341 0 0.005
0.335 0.922 0 0.005
0.335 0.978 0 0.005
0.337 0.381 0 0.005
0.337 0.472 0 0.005
0.337 0.573 0 0.005
0.337 0.819 0 0.005
0.339 0.161 0 0.005
0.339 0.587 0 0.005
0.34 0.225 0 0.005
0.34 0.687 0 0.005
0.34 0.994 0 0.005
0.341 0.434 0 0.005
0.342 0.291 0 0.005
0.342 0.492 0 0.005
0.342 0.538 0 0.005
0.342 0.673 0 0.005
0.343 0.11 0 0.005
0.343 0.369 0 0.005
0.343 0.458 0 0.005
0.343 0.64 0 0.005
0.343 0.893 0 0.005
0.344 0.01 0 0.005
0.344 0.809 0 0.005
0.345 0.196 0 0.005
0.345 0.403 0 0.005
0.345 0.708 0 0.005
0.345 0.951 0 0.005
0.345 0.965 0 0.005
0.346 0.311 0 0.005
0.346 0.511 0 0.005
0.346 0.0004166666666666667 0 0.005
0.347 0.133 0 0.005
0.347 0.264 0 0.005
0.347 0.932 0 0.005
0.348 0.151 0 0.005
0.348 0.774 0 0.005
0.349 0.606 0 0.005
0.35 0.821 0 0.005
0.35 0.837 0 0.005
0.351 0.621 0 0.005
0.352 0.448 0 0.005
0.352 0.723 0 0.005
0.353 0.324 0 0.005
0.354 0.082 0 0.005
0.354 0.092 0 0.005
0.354 0.202 0 0.005
0.354 0.942 0 0.005
0.355 0.217 0 0.005
0.355 0.296 0 0.005
0.355 0.739 0 0.005
0.356 0.432 0 0.005
0.356 0.55 0 0.005
0.356 0.694 0 0.005
0.356 0.713 0 0.005
0.356 0.964 0 0.005
0.356 0.988 0 0.005
0.357 0.104 0 0.005
0.357 0.278 0 0.005
0.357 0.585 0 0.005
0.357 0.902 0 0.005
0.358 0.182 0 0.005
0.358 0.846 0 0.005
0.36 0.018 0 0.005
0.36 0.46 0 0.005
0.36 0.562 0 0.005
0.361 0.073 0 0.005
0.361 0.146 0 0.005
0.361 0.23 0 0.005
0.361 0.315 0 0.005
0.361 0.912 0 0.005
0.362 0.675 0 0.005
0.363 0.056 0 0.005
0.363 0.289 0 0.005
0.363 0.334 0 0.005
0.363 0.818 0 0.005
0.364 0.302 0 0.005
0.364 0.501 0 0.005
0.364 0.535 0 0.005
0.366 0.61 0 0.005
0.366 0.703 0 0.005
0.367 0.169 0 0.005
0.367 0.24 0 0.005
0.367 0.638 0 0.005
0.367 0.884 0 0.005
0.368 0.994 0 0.005
0.369 0.091 0 0.005
0.369 0.766 0 0.005
0.37 0.796 0 0.005
0.37 0.901 0 0.005
0.371 0.437 0 0.005
0.371 0.728 0 0.005
0.372 0.068 0 0.005
0.372 0.192 0 0.005
0.372 0.959 0 0.005
0.372 0.975 0 0.005
0.373 0.452 0 0.005
0.373 0.467 0 0.005
0.374 0.005 0 0.005
0.374 0.179 0 0.005
0.374 0.59 0 0.005
0.375 0.11 0 0.005
0.375 0.529 0 0.005
0.375 0.681 0 0.005
0.375 0.856 0 0.005
0.375 0.944 0 0.005
0.376 0.21 0 0.005
0.376 0.646 0 0.005
0.377 0.042 0 0.005
0.377 0.355 0 0.005
0.377 0.499 0 0.005
0.376 0.9985833333333334 0 0.005
0.378 0.282 0 0.005
0.378 0.518 0 0.005
0.378 0.718 0 0.005
0.378 0.749 0 0.005
0.379 0.572 0 0.005
0.379 0.987 0 0.005
0.38 0.086 0 0.005
0.38 0.825 0 0.005
0.381 0.059 0 0.005
0.381 0.187 0 0.005
0.381 0.258 0 0.005
0.381 0.372 0 0.005
0.382 0.128 0 0.005
0.382 0.223 0 0.005
0.382 0.783 0 0.005
0.383 0.169 0 0.005
0.383 0.389 0 0.005
0.383 0.419 0 0.005
0.383 0.739 0 0.005
0.384 0.409 0 0.005
0.384 0.869 0 0.005
0.384 0.887 0 0.005
0.385 0.15 0 0.005
0.385 0.603 0 0.005
0.385 0.918 0 0.005
0.386 0.017 0 0.005
0.386 0.268 0 0.005
0.386 0.35 0 0.005
0.386 0.625 0 0.005
0.387 0.051 0 0.005
0.387 0.458 0 0.005
0.387 0.586 0 0.005
0.388 0.49 0 0.005
0.388 0.975 0 0.005
0.389 0.469 0 0.005
0.389 0.696 0 0.005
0.389 0.708 0 0.005
0.39 0.965 0 0.005
0.391 0.521 0 0.005
0.391 0.856 0 0.005
0.391 0.945 0 0.005
0.392 0.006 0 0.005
0.392 0.162 0 0.005
0.392 0.768 0 0.005
0.393 0.064 0 0.005
0.394 0.129 0 0.005
0.394 0.54 0 0.005
0.394 0.867 0 0.005
0.395 0.39 0 0.005
0.395 0.635 0 0.005
0.395 0.834 0 0.005
0.396 0.995 0 0.005
0.397 0.074 0 0.005
0.397 0.086 0 0.005
0.397 0.233 0 0.005
0.397 0.33 0 0.005
0.398 0.104 0 0.005
0.398 0.291 0 0.005
0.398 0.305 0 0.005
0.398 0.456 0 0.005
0.399 0.261 0 0.005
0.399 0.43 0 0.005
0.399 0.552 0 0.005
0.399 0.612 0 0.005
0.399 0.97 0 0.005
0.399 0.985 0 0.005
0.4 0.318 0 0.005
0.4 0.376 0 0.005
0.4 0.7 0 0.005
0.4 0.756 0 0.005
0.401 0.031 0 0.005
0.401 0.951 0 0.005
0.402 0.189 0 0.005
0.402 0.415 0 0.005
0.402 0.513 0 0.005
0.402 0.583 0 0.005
0.402 0.675 0 0.005
0.403 0.362 0 0.005
0.403 0.882 0 0.005
0.404 0.904 0 0.005
0.405 0.154 0 0.005
0.406 0.83 0 0.005
0.406 0.922 0 0.005
0.407 0.091 0 0.005
0.407 0.126 0 0.005
0.408 0.718 0 0.005
0.409 0.037 0 0.005
0.409 0.569 0 0.005
0.409 0.934 0 0.005
0.41 0.697 0 0.005
0.41 0.894 0 0.005
0.41 0.976 0 0.005
0.41 0.9967708333333334 0 0.005
0.411 0.336 0 0.005
0.411 0.453 0 0.005
0.411 0.68 0 0.005
0.411 0.785 0 0.005
0.411 0.873 0 0.005
0.412 0.024 0 0.005
0.412 0.213 0 0.005
0.412 0.493 0 0.005
0.412 0.53 0 0.005
0.413 0.517 0 0.005
0.414 0.066 0 0.005
0.415 0.111 0 0.005
0.416 0.012 0 0.005
0.416 0.356 0 0.005
0.417 0.125 0 0.005
0.418 0.2 0 0.005
0.418 0.281 0 0.005
0.418 0.388 0 0.005
0.418 0.851 0 0.005
0.419 0.057 0 0.005
0.419 0.263 0 0.005
0.419 0.558 0 0.005
0.419 0.867 0 0.005
0.419 0.88 0 0.005
0.42 0.155 0 0.005
0.42 0.367 0 0.005
0.42 0.653 0 0.005
0.42 0.819 0 0.005
0.421 0.245 0 0.005
0.421 0.507 0 0.005
0.421 0.688 0 0.005
0.421 0.927 0 0.005
0.422 0.046 0 0.005
0.422 0.591 0 0.005
0.422 0.772 0 0.005
0.423 0.031 0 0.005
0.423 0.485 0 0.005
0.423 0.713 0 0.005
0.423 0.734 0 0.005
0.424 0.612 0 0.005
0.425 0.131 0 0.005
0.425 0.208 0 0.005
0.426 0.091 0 0.005
0.426 0.671 0 0.005
0.426 0.831 0 0.005
0.426 0.941 0 0.005
0.427 0.908 0 0.005
0.428 0.111 0 0.005
0.428 0.415 0 0.005
0.428 0.436 0 0.005
0.428 0.744 0 0.005
0.428 0.0004166666666666667 0 0.005
0.429 0.142 0 0.005
0.429 0.298 0 0.005
0.429 0.472 0 0.005
0.429 0.551 0 0.005
0.429 0.581 0 0.005
0.429 0.63 0 0.005
0.43 0.324 0 0.005
0.43 0.524 0 0.005
0.43 0.807 0 0.005
0.43 0.986 0 0.005
0.431 0.158 0 0.005
0.431 0.349 0 0.005
0.432 0.188 0 0.005
0.432 0.235 0 0.005
0.432 0.51 0 0.005
0.433 0.222 0 0.005
0.433 0.642 0 0.005
0.433 0.86 0 0.005
0.434 0.386 0 0.005
0.435 0.542 0 0.005
0.435 0.733 0 0.005
0.435 0.796 0 0.005
0.435 0.959 0 0.005
0.436 0.76 0 0.005
0.436 0.822 0 0.005
0.436 0.842 0 0.005
0.437 0.203 0 0.005
0.437 0.587 0 0.005
0.438 0.429 0 0.005
0.438 0.621 0 0.005
0.439 0.887 0 0.005
0.44 0.31 0 0.005
0.44 0.363 0 0.005
0.44 0.396 0 0.005
0.44 0.489 0 0.005
0.44 0.661 0 0.005
0.441 0.897 0 0.005
0.441 0.924 0 0.005
0.441 0.967 0 0.005
0.442 0.418 0 0.005
0.442 0.509 0 0.005
0.442 0.562 0 0.005
0.442 0.678 0 0.005
0.443 0.266 0 0.005
0.444 0.649 0 0.005
0.444 0.785 0 0.005
0.444 0.833 0 0.005
0.445 0.235 0 0.005
0.445 0.455 0 0.005
0.446 0.088 0 0.005
0.446 0.472 0 0.005
0.446 0.637 0 0.005
0.446 0.717 0 0.005
0.446 0.748 0 0.005
0.446 0.938 0 0.005
0.446 0.996280701754386 0 0.005
0.447 0.017 0 0.005
0.447 0.544 0 0.005
0.448 0.254 0 0.005
0.448 0.771 0 0.005
0.449 0.0008095238095238096 0 0.005
0.449 0.136 0 0.005
0.449 0.291 0 0.005
0.449 0.376 0 0.005
0.449 0.499 0 0.005
0.449 0.529 0 0.005
0.449 0.952 0 0.005
0.45 0.556 0 0.005
0.45 0.597 0 0.005
0.451 0.485 0 0.005
0.451 0.671 0 0.005
0.451 0.807 0 0.005
0.451 0.856 0 0.005
0.453 0.354 0 0.005
0.454 0.149 0 0.005
0.454 0.313 0 0.005
0.454 0.511 0 0.005
0.454 0.963 0 0.005
0.455 0.391 0 0.005
0.456 0.1 0 0.005
0.456 0.798 0 0.005
0.456 0.821 0 0.005
0.457 0.017 0 0.005
0.458 0.275 0 0.005
0.458 0.285 0 0.005
0.458 0.645 0 0.005
0.458 0.742 0 0.005
0.458 0.89 0 0.005
0.458 0.922 0 0.005
0.459 0.936 0 0.005
0.46 0.58 0 0.005
0.46 0.621 0 0.005
0.461 0.452 0 0.005
0.461 0.697 0 0.005
0.462 0.028 0 0.005
0.462 0.071 0 0.005
0.462 0.732 0 0.005
0.462 0.865 0 0.005
0.463 0.265 0 0.005
0.463 0.397 0 0.005
0.463 0.836 0 0.005
0.463 0.88 0 0.005
0.464 0.117 0 0.005
0.464 0.499 0 0.005
0.464 0.718 0 0.005
0.464 0.9967708333333334 0 0.005
0.465 0.988 0 0.005
0.466 0.339 0 0.005
0.466 0.379 0 0.005
0.467 0.444 0 0.005
0.467 0.562 0 0.005
0.467 0.686 0 0.005
0.469 0.086 0 0.005
0.469 0.17 0 0.005
0.469 0.218 0 0.005
0.469 0.975 0 0.005
0.47 0.775 0 0.005
0.47 0.816 0 0.005
0.47 0.959 0 0.005
0.471 0.235 0 0.005
0.471 0.542 0 0.005
0.471 0.65 0 0.005
0.471 0.673 0 0.005
0.472 0.254 0 0.005
0.472 0.327 0 0.005
0.474 0.16 0 0.005
0.474 0.694 0 0.005
0.474 0.727 0 0.005
0.475 0.03 0 0.005
0.475 0.388 0 0.005
0.475 0.596 0 0.005
0.476 0.202 0 0.005
0.476 0.756 0 0.005
0.476 0.865 0 0.005
0.477 0.274 0 0.005
0.477 0.374 0 0.005
0.477 0.41 0 0.005
0.478 0.013 0 0.005
0.478 0.058 0 0.005
0.478 0.791 0 0.005
0.478 0.891 0 0.005
0.479 0.19 0 0.005
0.479 0.906 0 0.005
0.479 0.922 0 0.005
0.479 0.953 0 0.005
0.48 0.042 0 0.005
0.48 0.114 0 0.005
0.48 0.488 0 0.005
0.481 0.147 0 0.005
0.481 0.347 0 0.005
0.481 0.501 0 0.005
0.481 0.932 0 0.005
0.482 0.134 0 0.005
0.482 0.224 0 0.005
0.482 0.236 0 0.005
0.482 0.659 0 0.005
0.482 0.9981904761904762 0 0.005
0.483 0.818 0 0.005
0.483 0.848 0 0.005
0.484 0.44 0 0.005
0.485 0.569 0 0.005
0.486 0.323 0 0.005
0.486 0.396 0 0.005
0.486 0.46 0 0.005
0.487 0.103 0 0.005
0.487 0.636 0 0.005
0.488 0.21 0 0.005
0.488 0.368 0 0.005
0.488 0.671 0 0.005
0.489 0.19 0 0.005
0.489 0.425 0 0.005
0.489 0.614 0 0.005
0.489 0.807 0 0.005
0.489 0.873 0 0.005
0.489 0.99 0 0.005
0.49 0.732 0 0.005
0.49 0.754 0 0.005
0.491 0.229 0 0.005
0.491 0.248 0 0.005
0.491 0.685 0 0.005
0.491 0.931 0 0.005
0.492 0.333 0 0.005
0.492 0.349 0 0.005
0.492 0.9 0 0.005
0.492 0.92 0 0.005
0.493 0.045 0 0.005
0.493 0.137 0 0.005
0.493 0.488 0 0.005
0.493 0.584 0 0.005
0.494 0.31 0 0.005
0.494 0.51 0 0.005
0.495 0.117 0 0.005
0.495 0.271 0 0.005
0.495 0.541 0 0.005
0.495 0.661 0 0.005
0.495 0.706 0 0.005
0.495 0.796 0 0.005
0.497 0.414 0 0.005
0.497 0.743 0 0.005
0.498 0.107 0 0.005
0.498 0.218 0 0.005
0.498 0.838 0 0.005
0.498 0.882 0 0.005
0.498 0.962 0 0.005
0.499 0.007 0 0.005
0.5 0.025 0 0.005
0.5 0.853 0 0.005
0.501 0.557 0 0.005
0.501 0.9981904761904762 0 0.005
0.502 0.247 0 0.005
0.502 0.435 0 0.005
0.503 0.319 0 0.005
0.503 0.364 0 0.005
0.503 0.45 0 0.005
0.503 0.653 0 0.005
0.504 0.597 0 0.005
0.504 0.694 0 0.005
0.504 0.869 0 0.005
0.505 0.178 0 0.005
0.505 0.398 0 0.005
0.505 0.479 0 0.005
0.505 0.507 0 0.005
0.505 0.67 0 0.005
0.505 0.819 0 0.005
0.505 0.894 0 0.005
0.505 0.952 0 0.005
0.506 0.235 0 0.005
0.506 0.267 0 0.005
0.506 0.706 0 0.005
0.507 0.635 0 0.005
0.508 0.192 0 0.005
0.508 0.29 0 0.005
0.508 0.789 0 0.005
0.508 0.831 0 0.005
0.51 0.206 0 0.005
0.51 0.72 0 0.005
0.511 0.023 0 0.005
0.511 0.128 0 0.005
0.511 0.68 0 0.005
0.512 0.144 0 0.005
0.513 0.084 0 0.005
0.513 0.347 0 0.005
0.513 0.43 0 0.005
0.513 0.447 0 0.005
0.513 0.53 0 0.005
0.514 0.221 0 0.005
0.514 0.416 0 0.005
0.515 0.167 0 0.005
0.515 0.99 0 0.005
0.516 0.105 0 0.005
0.516 0.403 0 0.005
0.516 0.886 0 0.005
0.517 0.304 0 0.005
0.517 0.563 0 0.005
0.518 0.064 0 0.005
0.518 0.688 0 0.005
0.518 0.978 0 0.005
0.519 0.284 0 0.005
0.519 0.637 0 0.005
0.519 0.863 0 0.005
0.52 0.134 0 0.005
0.52 0.456 0 0.005
0.52 0.588 0 0.005
0.52 0.918 0 0.005
0.521 0.176 0 0.005
0.521 0.329 0 0.005
0.521 0.619 0 0.005
0.521 0.755 0 0.005
0.522 0.435 0 0.005
0.523 0.267 0 0.005
0.523 0.72 0 0.005
0.523 0.9972564102564103 0 0.005
0.524 0.578 0 0.005
0.524 0.678 0 0.005
0.524 0.735 0 0.005
0.525 0.04 0 0.005
0.525 0.082 0 0.005
0.526 0.206 0 0.005
0.526 0.413 0 0.005
0.526 0.608 0 0.005
0.526 0.828 0 0.005
0.526 0.887 0 0.005
0.525 0.0 0 0.005
0.527 0.36 0 0.005
0.528 0.257 0 0.005
0.528 0.776 0 0.005
0.529 0.129 0 0.005
0.529 0.929 0 0.005
0.53 0.514 0 0.005
0.531 0.115 0 0.005
0.531 0.186 0 0.005
0.532 0.393 0 0.005
0.532 0.914 0 0.005
0.533 0.101 0 0.005
0.533 0.222 0 0.005
0.533 0.434 0 0.005
0.533 0.526 0 0.005
0.534 0.271 0 0.005
0.534 0.317 0 0.005
0.534 0.706 0 0.005
0.535 0.004 0 0.005
0.535 0.345 0 0.005
0.535 0.375 0 0.005
0.535 0.9981904761904762 0 0.005
0.536 0.139 0 0.005
0.536 0.483 0 0.005
0.536 0.558 0 0.005
0.536 0.885 0 0.005
0.537 0.454 0 0.005
0.537 0.603 0 0.005
0.537 0.675 0 0.005
0.537 0.747 0 0.005
0.537 0.799 0 0.005
0.537 0.841 0 0.005
0.538 0.197 0 0.005
0.538 0.411 0 0.005
0.538 0.725 0 0.005
0.538 0.863 0 0.005
0.539 0.33 0 0.005
0.539 0.363 0 0.005
0.539 0.638 0 0.005
0.54 0.029 0 0.005
0.54 0.614 0 0.005
0.54 0.757 0 0.005
0.541 0.059 0 0.005
0.541 0.177 0 0.005
0.541 0.294 0 0.005
0.541 0.715 0 0.005
0.541 0.991 0 0.005
0.543 0.395 0 0.005
0.543 0.593 0 0.005
0.543 0.949 0 0.005
0.544 0.494 0 0.005
0.545 0.007 0 0.005
0.545 0.119 0 0.005
0.545 0.535 0 0.005
0.545 0.0004166666666666667 0 0.005
0.547 0.095 0 0.005
0.547 0.343 0 0.005
0.547 0.419 0 0.005
0.547 0.551 0 0.005
0.547 0.846 0 0.005
0.547 0.858 0 0.005
0.548 0.232 0 0.005
0.548 0.321 0 0.005
0.548 0.473 0 0.005
0.548 0.514 0 0.005
0.548 0.766 0 0.005
0.549 0.135 0 0.005
0.55 0.677 0 0.005
0.551 0.194 0 0.005
0.551 0.871 0 0.005
0.552 0.245 0 0.005
0.552 0.264 0 0.005
0.552 0.486 0 0.005
0.553 0.048 0 0.005
0.553 0.215 0 0.005
0.553 0.687 0 0.005
0.553 0.793 0 0.005
0.554 0.034 0 0.005
0.554 0.124 0 0.005
0.554 0.614 0 0.005
0.555 0.394 0 0.005
0.555 0.504 0 0.005
0.555 0.827 0 0.005
0.555 0.973 0 0.005
0.556 0.106 0 0.005
0.557 0.071 0 0.005
0.557 0.704 0 0.005
0.558 0.182 0 0.005
0.558 0.41 0 0.005
0.558 0.892 0 0.005
0.558 0.943 0 0.005
0.559 0.364 0 0.005
0.559 0.524 0 0.005
0.559 0.912 0 0.005
0.56 0.334 0 0.005
0.56 0.451 0 0.005
0.56 0.555 0 0.005
0.561 0.057 0 0.005
0.561 0.279 0 0.005
0.561 0.539 0 0.005
0.562 0.133 0 0.005
0.562 0.857 0 0.005
0.563 0.292 0 0.005
0.563 0.762 0 0.005
0.564 0.572 0 0.005
0.564 0.593 0 0.005
0.564 0.789 0 0.005
0.564 0.847 0 0.005
0.565 0.25 0 0.005
0.565 0.311 0 0.005
0.565 0.732 0 0.005
0.565 0.746 0 0.005
0.567 0.023 0 0.005
0.567 0.166 0 0.005
0.567 0.673 0 0.005
0.567 0.882 0 0.005
0.567 0.923 0 0.005
0.568 0.421 0 0.005
0.568 0.985 0 0.005
0.569 0.468 0 0.005
0.569 0.834 0 0.005
0.57 0.213 0 0.005
0.57 0.651 0 0.005
0.571 0.069 0 0.005
0.571 0.356 0 0.005
0.571 0.893 0 0.005
0.572 0.335 0 0.005
0.572 0.483 0 0.005
0.572 0.781 0 0.005
0.573 0.079 0 0.005
0.573 0.607 0 0.005
0.573 0.715 0 0.005
0.574 0.824 0 0.005
0.575 0.098 0 0.005
0.575 0.12 0 0.005
0.575 0.345 0 0.005
0.575 0.631 0 0.005
0.575 0.753 0 0.005
0.575 0.768 0 0.005
0.576 0.688 0 0.005
0.576 0.812 0 0.005
0.577 0.234 0 0.005
0.577 0.26 0 0.005
0.577 0.38 0 0.005
0.577 0.395 0 0.005
0.577 0.725 0 0.005
0.577 0.919 0 0.005
0.577 0.974 0 0.005
0.578 0.033 0 0.005
0.578 0.245 0 0.005
0.578 0.438 0 0.005
0.578 0.845 0 0.005
0.579 0.043 0 0.005
0.579 0.422 0 0.005
0.579 0.509 0 0.005
0.58 0.217 0 0.005
0.58 0.326 0 0.005
0.58 0.793 0 0.005
0.581 0.466 0 0.005
0.582 0.153 0 0.005
0.582 0.196 0 0.005
0.582 0.646 0 0.005
0.583 0.084 0 0.005
0.583 0.137 0 0.005
0.584 0.0033125 0 0.005
0.584 0.411 0 0.005
0.584 0.677 0 0.005
0.584 0.858 0 0.005
0.585 0.488 0 0.005
0.585 0.524 0 0.005
0.585 0.702 0 0.005
0.585 0.739 0 0.005
0.586 0.582 0 0.005
0.586 0.774 0 0.005
0.586 0.834 0 0.005
0.587 0.107 0 0.005
0.587 0.395 0 0.005
0.587 0.568 0 0.005
0.587 0.657 0 0.005
0.587 0.717 0 0.005
0.588 0.223 0 0.005
0.588 0.376 0 0.005
0.588 0.803 0 0.005
0.588 0.91 0 0.005
0.589 0.258 0 0.005
0.589 0.966 0 0.005
0.59 0.058 0 0.005
0.59 0.624 0 0.005
0.59 0.866 0 0.005
0.591 0.752 0 0.005
0.591 0.922 0 0.005
0.591 0.989 0 0.005
0.592 0.089 0 0.005
0.592 0.131 0 0.005
0.592 0.19 0 0.005
0.592 0.344 0 0.005
0.592 0.786 0 0.005
0.592 0.885 0 0.005
0.594 0.032 0 0.005
0.594 0.099 0 0.005
0.594 0.204 0 0.005
0.594 0.319 0 0.005
0.594 0.415 0 0.005
0.594 0.538 0 0.005
0.594 0.727 0 0.005
0.595 0.274 0 0.005
0.595 0.475 0 0.005
0.596 0.121 0 0.005
0.596 0.165 0 0.005
0.596 0.354 0 0.005
0.596 0.432 0 0.005
0.596 0.554 0 0.005
0.596 0.603 0 0.005
0.596 0.705 0 0.005
0.597 0.663 0 0.005
0.597 0.695 0 0.005
0.598 0.336 0 0.005
0.598 0.402 0 0.005
0.598 0.583 0 0.005
0.598 0.853 0 0.005
0.599 0.018 0 0.005
0.599 0.288 0 0.005
0.599 0.905 0 0.005
0.599 0.955 0 0.005
0.6 0.495 0 0.005
0.6 0.628 0 0.005
0.601 0.928 0 0.005
0.601 0.977 0 0.005
0.602 0.085 0 0.005
0.602 0.136 0 0.005
0.602 0.993 0 0.005
0.603 0.043 0 0.005
0.603 0.326 0 0.005
0.603 0.805 0 0.005
0.604 0.007 0 0.005
0.604 0.054 0 0.005
0.604 0.303 0 0.005
0.604 0.509 0 0.005
0.604 0.732 0 0.005
0.605 0.365 0 0.005
0.605 0.522 0 0.005
0.605 0.76 0 0.005
0.606 0.941 0 0.005
0.607 0.248 0 0.005
0.607 0.455 0 0.005
0.607 0.67 0 0.005
0.608 0.127 0 0.005
0.608 0.166 0 0.005
0.608 0.394 0 0.005
0.608 0.545 0 0.005
0.608 0.578 0 0.005
0.608 0.598 0 0.005
0.609 0.743 0 0.005
0.609 0.833 0 0.005
0.61 0.216 0 0.005
0.61 0.336 0 0.005
0.61 0.7 0 0.005
0.611 0.147 0 0.005
0.611 0.724 0 0.005
0.612 0.482 0 0.005
0.612 0.713 0 0.005
0.613 0.916 0 0.005
0.614 0.281 0 0.005
0.614 0.41 0 0.005
0.614 0.645 0 0.005
0.614 0.679 0 0.005
0.615 0.049 0 0.005
0.615 0.358 0 0.005
0.616 0.109 0 0.005
0.616 0.758 0 0.005
0.617 0.449 0 0.005
0.617 0.564 0 0.005
0.618 0.03 0 0.005
0.618 0.09 0 0.005
0.618 0.133 0 0.005
0.618 0.16 0 0.005
0.618 0.171 0 0.005
0.618 0.435 0 0.005
0.618 0.473 0 0.005
0.618 0.856 0 0.005
0.619 0.243 0 0.005
0.619 0.374 0 0.005
0.619 0.876 0 0.005
0.62 0.204 0 0.005
0.62 0.843 0 0.005
0.62 0.967 0 0.005
0.621 0.013 0 0.005
0.621 0.229 0 0.005
0.622 0.061 0 0.005
0.622 0.218 0 0.005
0.622 0.302 0 0.005
0.622 0.332 0 0.005
0.622 0.741 0 0.005
0.623 0.525 0 0.005
0.623 0.548 0 0.005
0.623 0.664 0 0.005
0.624 0.263 0 0.005
0.624 0.279 0 0.005
0.625 0.421 0 0.005
0.626 0.11 0 0.005
0.626 0.575 0 0.005
0.627 0.483 0 0.005
0.627 0.773 0 0.005
0.627 0.989 0 0.005
0.628 0.4 0 0.005
0.628 0.494 0 0.005
0.628 0.593 0 0.005
0.629 0.087 0 0.005
0.629 0.289 0 0.005
0.629 0.809 0 0.005
0.629 0.973 0 0.005
0.63 0.022 0 0.005
0.63 0.244 0 0.005
0.63 0.714 0 0.005
0.631 0.142 0 0.005
0.631 0.365 0 0.005
0.631 0.868 0 0.005
0.633 0.102 0 0.005
0.633 0.173 0 0.005
0.633 0.0004166666666666667 0 0.005
0.634 0.732 0 0.005
0.635 0.63 0 0.005
0.636 0.074 0 0.005
0.636 0.477 0 0.005
0.636 0.564 0 0.005
0.636 0.965 0 0.005
0.637 0.044 0 0.005
0.637 0.376 0 0.005
0.637 0.78 0 0.005
0.637 0.821 0 0.005
0.637 0.92 0 0.005
0.638 0.429 0 0.005
0.638 0.99 0 0.005
0.639 0.165 0 0.005
0.639 0.337 0 0.005
0.639 0.439 0 0.005
0.639 0.619 0 0.005
0.639 0.669 0 0.005
0.639 0.688 0 0.005
0.639 0.939 0 0.005
0.64 0.608 0 0.005
0.641 0.054 0 0.005
0.641 0.718 0 0.005
0.641 0.743 0 0.005
0.641 0.903 0 0.005
0.642 0.085 0 0.005
0.642 0.097 0 0.005
0.642 0.283 0 0.005
0.642 0.404 0 0.005
0.643 0.132 0 0.005
0.643 0.203 0 0.005
0.643 0.356 0 0.005
0.643 0.889 0 0.005
0.644 0.007 0 0.005
0.645 0.028 0 0.005
0.645 0.221 0 0.005
0.646 0.582 0 0.005
0.646 0.648 0 0.005
0.646 0.774 0 0.005
0.646 0.839 0 0.005
0.646 0.914 0 0.005
0.646 0.948 0 0.005
0.646 0.981 0 0.005
0.647 0.375 0 0.005
0.647 0.418 0 0.005
0.647 0.754 0 0.005
0.647 0.971 0 0.005
0.648 0.077 0 0.005
0.648 0.171 0 0.005
0.648 0.596 0 0.005
0.648 0.0004166666666666667 0 0.005
0.649 0.664 0 0.005
0.649 0.819 0 0.005
0.65 0.45 0 0.005
0.65 0.526 0 0.005
0.651 0.297 0 0.005
0.652 0.123 0 0.005
0.652 0.537 0 0.005
0.653 0.022 0 0.005
0.653 0.21 0 0.005
0.654 0.04 0 0.005
0.654 0.106 0 0.005
0.654 0.605 0 0.005
0.654 0.686 0 0.005
0.654 0.9956875 0 0.005
0.655 0.158 0 0.005
0.655 0.197 0 0.005
0.655 0.272 0 0.005
0.655 0.907 0 0.005
0.656 0.437 0 0.005
0.656 0.508 0 0.005
0.656 0.716 0 0.005
0.656 0.854 0 0.005
0.656 0.867 0 0.005
0.657 0.178 0 0.005
0.657 0.235 0 0.005
0.657 0.247 0 0.005
0.657 0.334 0 0.005
0.657 0.351 0 0.005
0.657 0.758 0 0.005
0.657 0.84 0 0.005
0.658 0.06 0 0.005
0.658 0.495 0 0.005
0.658 0.649 0 0.005
0.658 0.734 0 0.005
0.658 0.937 0 0.005
0.659 0.091 0 0.005
0.659 0.389 0 0.005
0.66 0.638 0 0.005
0.66 0.703 0 0.005
0.661 0.451 0 0.005
0.662 0.118 0 0.005
0.664 0.189 0 0.005
0.664 0.667 0 0.005
0.665 0.021 0 0.005
0.665 0.312 0 0.005
0.666 0.374 0 0.005
0.666 0.417 0 0.005
0.666 0.819 0 0.005
0.666 0.894 0 0.005
0.667 0.951 0 0.005
0.668 0.05 0 0.005
0.668 0.1 0 0.005
0.668 0.835 0 0.005
0.668 0.996280701754386 0 0.005
0.669 0.536 0 0.005
0.669 0.601 0 0.005
0.67 0.15 0 0.005
0.67 0.269 0 0.005
0.67 0.476 0 0.005
0.67 0.629 0 0.005
0.67 0.723 0 0.005
0.671 0.403 0 0.005
0.671 0.463 0 0.005
0.671 0.517 0 0.005
0.671 0.758 0 0.005
0.671 0.859 0 0.005
0.671 0.906 0 0.005
0.673 0.229 0 0.005
0.673 0.778 0 0.005
0.674 0.165 0 0.005
0.674 0.24 0 0.005
0.674 0.804 0 0.005
0.674 0.843 0 0.005
0.675 0.182 0 0.005
0.675 0.306 0 0.005
0.675 0.888 0 0.005
0.675 0.976 0 0.005
0.676 0.0012666666666666666 0 0.005
0.676 0.546 0 0.005
0.677 0.217 0 0.005
0.677 0.26 0 0.005
0.678 0.345 0 0.005
0.678 0.366 0 0.005
0.679 0.091 0 0.005
0.679 0.109 0 0.005
0.679 0.455 0 0.005
0.679 0.563 0 0.005
0.68 0.481 0 0.005
0.68 0.532 0 0.005
0.681 0.715 0 0.005
0.682 0.058 0 0.005
0.682 0.192 0 0.005
0.682 0.317 0 0.005
0.682 0.575 0 0.005
0.682 0.69 0 0.005
0.682 0.73 0 0.005
0.682 0.985 0 0.005
0.683 0.498 0 0.005
0.684 0.13 0 0.005
0.684 0.43 0 0.005
0.685 0.241 0 0.005
0.685 0.6 0 0.005
0.685 0.826 0 0.005
0.685 0.915 0 0.005
0.686 0.296 0 0.005
0.686 0.51 0 0.005
0.686 0.645 0 0.005
0.686 0.893 0 0.005
0.687 0.329 0 0.005
0.688 0.142 0 0.005
0.688 0.252 0 0.005
0.688 0.883 0 0.005
0.689 0.201 0 0.005
0.689 0.767 0 0.005
0.69 0.048 0 0.005
0.69 0.213 0 0.005
0.69 0.958 0 0.005
0.691 0.478 0 0.005
0.69 0.999 0 0.005
0.693 0.079 0 0.005
0.693 0.155 0 0.005
0.693 0.401 0 0.005
0.693 0.528 0 0.005
0.693 0.683 0 0.005
0.694 0.496 0 0.005
0.695 0.173 0 0.005
0.695 0.274 0 0.005
0.695 0.752 0 0.005
0.695 0.901 0 0.005
0.696 0.009 0 0.005
0.696 0.347 0 0.005
0.696 0.566 0 0.005
0.696 0.614 0 0.005
0.696 0.869 0 0.005
0.698 0.415 0 0.005
0.698 0.545 0 0.005
0.698 0.581 0 0.005
0.698 0.597 0 0.005
0.699 0.286 0 0.005
0.699 0.333 0 0.005
0.699 0.707 0 0.005
0.699 0.976 0 0.005
0.7 0.023 0 0.005
0.7 0.186 0 0.005
0.7 0.37 0 0.005
0.7 0.384 0 0.005
0.7 0.432 0 0.005
0.701 0.838 0 0.005
0.702 0.099 0 0.005
0.702 0.245 0 0.005
0.702 0.518 0 0.005
0.702 0.631 0 0.005
0.702 0.671 0 0.005
0.703 0.468 0 0.005
0.703 0.532 0 0.005
0.703 0.894 0 0.005
0.704 0.49 0 0.005
0.704 0.992 0 0.005
0.705 0.8 0 0.005
0.705 0.967 0 0.005
0.706 0.207 0 0.005
0.706 0.926 0 0.005
0.707 0.054 0 0.005
0.707 0.151 0 0.005
0.707 0.356 0 0.005
0.707 0.62 0 0.005
0.707 0.657 0 0.005
0.708 0.259 0 0.005
0.709 0.569 0 0.005
0.709 0.82 0 0.005
0.709 0.882 0 0.005
0.709 0.906 0 0.005
0.71 0.294 0 0.005
0.71 0.315 0 0.005
0.71 0.331 0 0.005
0.711 0.092 0 0.005
0.711 0.222 0 0.005
0.711 0.526 0 0.005
0.712 0.371 0 0.005
0.712 0.456 0 0.005
0.712 0.585 0 0.005
0.712 0.743 0 0.005
0.713 0.343 0 0.005
0.713 0.682 0 0.005
0.714 0.78 0 0.005
0.714 0.809 0 0.005
0.715 0.006 0 0.005
0.715 0.984 0 0.005
0.716 0.071 0 0.005
0.716 0.559 0 0.005
0.716 0.604 0 0.005
0.716 0.636 0 0.005
0.716 0.92 0 0.005
0.716 0.942 0 0.005
0.717 0.382 0 0.005
0.718 0.026 0 0.005
0.718 0.245 0 0.005
0.718 0.503 0 0.005
0.718 0.538 0 0.005
0.719 0.187 0 0.005
0.719 0.278 0 0.005
0.719 0.795 0 0.005
0.719 0.892 0 0.005
0.719 0.952 0 0.005
0.72 0.118 0 0.005
0.72 0.264 0 0.005
0.72 0.829 0 0.005
0.72 0.995 0 0.005
0.721 0.165 0 0.005
0.721 0.355 0 0.005
0.721 0.716 0 0.005
0.722 0.737 0 0.005
0.723 0.128 0 0.005
0.723 0.851 0 0.005
0.724 0.141 0 0.005
0.724 0.815 0 0.005
0.725 0.929 0 0.005
0.726 0.053 0 0.005
0.726 0.152 0 0.005
0.727 0.103 0 0.005
0.727 0.308 0 0.005
0.727 0.57 0 0.005
0.728 0.629 0 0.005
0.728 0.666 0 0.005
0.729 0.239 0 0.005
0.729 0.413 0 0.005
0.729 0.444 0 0.005
0.73 0.264 0 0.005
0.73 0.591 0 0.005
0.73 0.981 0 0.005
0.731 0.043 0 0.005
0.731 0.464 0 0.005
0.731 0.8 0 0.005
0.732 0.085 0 0.005
0.732 0.478 0 0.005
0.732 0.511 0 0.005
0.732 0.727 0 0.005
0.733 0.183 0 0.005
0.733 0.379 0 0.005
0.733 0.863 0 0.005
0.734 0.298 0 0.005
0.734 0.367 0 0.005
0.734 0.748 0 0.005
0.734 0.916 0 0.005
0.735 0.021 0 0.005
0.735 0.113 0 0.005
0.735 0.345 0 0.005
0.735 0.647 0 0.005
0.736 0.608 0 0.005
0.737 0.246 0 0.005
0.737 0.884 0 0.005
0.737 0.97 0 0.005
0.738 0.0033125 0 0.005
0.738 0.818 0 0.005
0.738 0.835 0 0.005
0.739 0.131 0 0.005
0.739 0.165 0 0.005
0.74 0.218 0 0.005
0.74 0.334 0 0.005
0.74 0.694 0 0.005
0.741 0.498 0 0.005
0.741 0.528 0 0.005
0.742 0.033 0 0.005
0.742 0.309 0 0.005
0.742 0.403 0 0.005
0.743 0.093 0 0.005
0.743 0.43 0 0.005
0.744 0.551 0 0.005
0.744 0.63 0 0.005
0.744 0.682 0 0.005
0.744 0.794 0 0.005
0.746 0.02 0 0.005
0.746 0.111 0 0.005
0.746 0.848 0 0.005
0.747 0.257 0 0.005
0.747 0.603 0 0.005
0.747 0.916 0 0.005
0.747 0.969 0 0.005
0.747 0.986 0 0.005
0.748 0.049 0 0.005
0.748 0.191 0 0.005
0.748 0.281 0 0.005
0.748 0.942 0 0.005
0.749 0.075 0 0.005
0.749 0.475 0 0.005
0.749 0.659 0 0.005
0.75 0.835 0 0.005
0.751 0.151 0 0.005
0.751 0.168 0 0.005
0.751 0.214 0 0.005
0.751 0.693 0 0.005
0.751 0.805 0 0.005
0.752 0.269 0 0.005
0.752 0.417 0 0.005
0.752 0.522 0 0.005
0.752 0.724 0 0.005
0.752 0.869 0 0.005
0.752 0.888 0 0.005
0.753 0.303 0 0.005
0.754 0.345 0 0.005
0.754 0.762 0 0.005
0.755 0.034 0 0.005
0.755 0.372 0 0.005
0.755 0.393 0 0.005
0.755 0.545 0 0.005
0.755 0.624 0 0.005
0.755 0.679 0 0.005
0.755 0.706 0 0.005
0.755 0.776 0 0.005
0.757 0.126 0 0.005
0.757 0.951 0 0.005
0.758 0.899 0 0.005
0.759 0.329 0 0.005
0.76 0.443 0 0.005
0.76 0.968 0 0.005
0.76 0.9981904761904762 0 0.005
0.761 0.652 0 0.005
0.761 0.876 0 0.005
0.762 0.188 0 0.005
0.762 0.469 0 0.005
0.762 0.616 0 0.005
0.762 0.862 0 0.005
0.763 0.586 0 0.005
0.763 0.633 0 0.005
0.764 0.848 0 0.005
0.765 0.0012666666666666666 0 0.005
0.765 0.09 0 0.005
0.765 0.51 0 0.005
0.765 0.689 0 0.005
0.765 0.753 0 0.005
0.767 0.429 0 0.005
0.767 0.712 0 0.005
0.767 0.944 0 0.005
0.768 0.022 0 0.005
0.768 0.047 0 0.005
0.768 0.374 0 0.005
0.768 0.993 0 0.005
0.769 0.796 0 0.005
0.77 0.099 0 0.005
0.77 0.287 0 0.005
0.77 0.492 0 0.005
0.77 0.729 0 0.005
0.77 0.779 0 0.005
0.77 0.904 0 0.005
0.771 0.351 0 0.005
0.771 0.743 0 0.005
0.772 0.163 0 0.005
0.772 0.973 0 0.005
0.773 0.228 0 0.005
0.773 0.332 0 0.005
0.773 0.464 0 0.005
0.773 0.921 0 0.005
0.775 0.089 0 0.005
0.775 0.575 0 0.005
0.775 0.599 0 0.005
0.775 0.865 0 0.005
0.776 0.266 0 0.005
0.776 0.41 0 0.005
0.776 0.823 0 0.005
0.776 0.883 0 0.005
0.777 0.123 0 0.005
0.777 0.625 0 0.005
0.778 0.638 0 0.005
0.779 0.32 0 0.005
0.779 0.526 0 0.005
0.78 0.547 0 0.005
0.78 0.813 0 0.005
0.781 0.057 0 0.005
0.781 0.139 0 0.005
0.781 0.176 0 0.005
0.781 0.353 0 0.005
0.781 0.478 0 0.005
0.781 0.78 0 0.005
0.781 0.801 0 0.005
0.783 0.039 0 0.005
0.783 0.309 0 0.005
0.783 0.592 0 0.005
0.783 0.749 0 0.005
0.783 0.931 0 0.005
0.784 0.505 0 0.005
0.784 0.873 0 0.005
0.785 0.201 0 0.005
0.785 0.83 0 0.005
0.786 0.291 0 0.005
0.786 0.43 0 0.005
0.786 0.535 0 0.005
0.786 0.715 0 0.005
0.787 0.049 0 0.005
0.787 0.693 0 0.005
0.787 0.9972564102564103 0 0.005
0.788 0.615 0 0.005
0.789 0.151 0 0.005
0.789 0.681 0 0.005
0.789 0.854 0 0.005
0.789 0.889 0 0.005
0.79 0.109 0 0.005
0.79 0.167 0 0.005
0.79 0.192 0 0.005
0.79 0.249 0 0.005
0.79 0.405 0 0.005
0.791 0.229 0 0.005
0.791 0.421 0 0.005
0.792 0.084 0 0.005
0.792 0.141 0 0.005
0.793 0.316 0 0.005
0.794 0.274 0 0.005
0.794 0.299 0 0.005
0.795 0.0008095238095238096 0 0.005
0.795 0.176 0 0.005
0.795 0.481 0 0.005
0.795 0.492 0 0.005
0.795 0.776 0 0.005
0.796 0.461 0 0.005
0.796 0.699 0 0.005
0.797 0.067 0 0.005
0.797 0.095 0 0.005
0.797 0.159 0 0.005
0.797 0.514 0 0.005
0.798 0.355 0 0.005
0.798 0.541 0 0.005
0.798 0.75 0 0.005
0.799 0.029 0 0.005
0.799 0.341 0 0.005
0.799 0.688 0 0.005
0.799 0.802 0 0.005
0.799 0.906 0 0.005
0.799 0.927 0 0.005
0.799 0.957 0 0.005
0.8 0.411 0 0.005
0.8 0.967 0 0.005
0.801 0.365 0 0.005
0.801 0.996280701754386 0 0.005
0.802 0.125 0 0.005
0.802 0.257 0 0.005
0.802 0.564 0 0.005
0.802 0.655 0 0.005
0.802 0.89 0 0.005
0.803 0.312 0 0.005
0.804 0.832 0 0.005
0.805 0.046 0 0.005
0.805 0.493 0 0.005
0.806 0.075 0 0.005
0.806 0.388 0 0.005
0.806 0.584 0 0.005
0.808 0.177 0 0.005
0.808 0.428 0 0.005
0.809 0.475 0 0.005
0.809 0.573 0 0.005
0.809 0.688 0 0.005
0.809 0.853 0 0.005
0.81 0.208 0 0.005
0.81 0.244 0 0.005
0.81 0.279 0 0.005
0.81 0.749 0 0.005
0.81 0.768 0 0.005
0.811 0.55 0 0.005
0.812 0.0012666666666666666 0 0.005
0.812 0.057 0 0.005
0.812 0.409 0 0.005
0.812 0.656 0 0.005
0.812 0.819 0 0.005
0.813 0.291 0 0.005
0.813 0.485 0 0.005
0.813 0.631 0 0.005
0.813 0.666 0 0.005
0.814 0.151 0 0.005
0.814 0.438 0 0.005
0.814 0.921 0 0.005
0.814 0.969 0 0.005
0.816 0.017 0 0.005
0.816 0.224 0 0.005
0.816 0.257 0 0.005
0.816 0.54 0 0.005
0.817 0.111 0 0.005
0.817 0.595 0 0.005
0.819 0.372 0 0.005
0.82 0.307 0 0.005
0.82 0.555 0 0.005
0.82 0.905 0 0.005
0.821 0.138 0 0.005
0.821 0.648 0 0.005
0.821 0.748 0 0.005
0.821 0.759 0 0.005
0.821 0.869 0 0.005
0.822 0.035 0 0.005
0.822 0.272 0 0.005
0.822 0.34 0 0.005
0.822 0.882 0 0.005
0.823 0.237 0 0.005
0.823 0.851 0 0.005
0.824 0.069 0 0.005
0.824 0.098 0 0.005
0.824 0.401 0 0.005
0.824 0.435 0 0.005
0.824 0.521 0 0.005
0.824 0.916 0 0.005
0.825 0.079 0 0.005
0.826 0.023 0 0.005
0.826 0.576 0 0.005
0.827 0.779 0 0.005
0.827 0.82 0 0.005
0.827 0.9956875 0 0.005
0.828 0.696 0 0.005
0.829 0.363 0 0.005
0.829 0.626 0 0.005
0.83 0.163 0 0.005
0.83 0.565 0 0.005
0.83 0.732 0 0.005
0.831 0.107 0 0.005
0.831 0.226 0 0.005
0.832 0.204 0 0.005
0.832 0.377 0 0.005
0.832 0.452 0 0.005
0.833 0.416 0 0.005
0.833 0.681 0 0.005
0.833 0.874 0 0.005
0.834 0.038 0 0.005
0.834 0.612 0 0.005
0.834 0.637 0 0.005
0.834 0.707 0 0.005
0.835 0.124 0 0.005
0.835 0.264 0 0.005
0.835 0.546 0 0.005
0.835 0.907 0 0.005
0.836 0.071 0 0.005
0.836 0.577 0 0.005
0.836 0.963 0 0.005
0.837 0.287 0 0.005
0.837 0.428 0 0.005
0.837 0.525 0 0.005
0.838 0.849 0 0.005
0.839 0.024 0 0.005
0.839 0.49 0 0.005
0.84 0.061 0 0.005
0.841 0.086 0 0.005
0.841 0.603 0 0.005
0.839 0.999 0 0.005
0.842 0.303 0 0.005
0.842 0.375 0 0.005
0.842 0.766 0 0.005
0.842 0.884 0 0.005
0.843 0.459 0 0.005
0.844 0.337 0 0.005
0.844 0.724 0 0.005
0.844 0.792 0 0.005
0.845 0.659 0 0.005
0.846 0.227 0 0.005
0.846 0.48 0 0.005
0.846 0.627 0 0.005
0.846 0.694 0 0.005
0.846 0.736 0 0.005
0.848 0.1 0 0.005
0.848 0.144 0 0.005
0.848 0.438 0 0.005
0.849 0.027 0 0.005
0.849 0.494 0 0.005
0.849 0.569 0 0.005
0.849 0.897 0 0.005
0.849 0.937 0 0.005
0.85 0.037 0 0.005
0.85 0.175 0 0.005
0.85 0.256 0 0.005
0.85 0.528 0 0.005
0.85 0.646 0 0.005
0.851 0.21 0 0.005
0.851 0.541 0 0.005
0.852 0.075 0 0.005
0.852 0.505 0 0.005
0.852 0.814 0 0.005
0.853 0.158 0 0.005
0.853 0.364 0 0.005
0.853 0.787 0 0.005
0.854 0.127 0 0.005
0.854 0.468 0 0.005
0.855 0.005 0 0.005
0.855 0.267 0 0.005
0.856 0.327 0 0.005
0.856 0.71 0 0.005
0.857 0.376 0 0.005
0.857 0.597 0 0.005
0.857 0.835 0 0.005
0.858 0.55 0 0.005
0.858 0.666 0 0.005
0.858 0.874 0 0.005
0.858 0.925 0 0.005
0.859 0.388 0 0.005
0.859 0.628 0 0.005
0.859 0.914 0 0.005
0.859 0.996280701754386 0 0.005
0.86 0.046 0 0.005
0.86 0.19 0 0.005
0.86 0.572 0 0.005
0.86 0.656 0 0.005
0.861 0.103 0 0.005
0.861 0.229 0 0.005
0.861 0.346 0 0.005
0.861 0.852 0 0.005
0.861 0.98 0 0.005
0.862 0.317 0 0.005
0.862 0.796 0 0.005
0.863 0.027 0 0.005
0.864 0.164 0 0.005
0.864 0.697 0 0.005
0.865 0.251 0 0.005
0.866 0.113 0 0.005
0.866 0.214 0 0.005
0.866 0.564 0 0.005
0.866 0.68 0 0.005
0.867 0.136 0 0.005
0.867 0.41 0 0.005
0.869 0.665 0 0.005
0.869 0.869 0 0.005
0.87 0.485 0 0.005
0.871 0.236 0 0.005
0.871 0.259 0 0.005
0.871 0.323 0 0.005
0.871 0.365 0 0.005
0.871 0.545 0 0.005
0.871 0.742 0 0.005
0.871 0.755 0 0.005
0.871 0.902 0 0.005
0.871 0.925 0 0.005
0.872 0.307 0 0.005
0.872 0.333 0 0.005
0.872 0.524 0 0.005
0.872 0.555 0 0.005
0.872 0.584 0 0.005
0.872 0.817 0 0.005
0.873 0.058 0 0.005
0.873 0.347 0 0.005
0.873 0.655 0 0.005
0.873 0.827 0 0.005
0.874 0.624 0 0.005
0.874 0.69 0 0.005
0.874 0.843 0 0.005
0.875 0.169 0 0.005
0.875 0.445 0 0.005
0.875 0.79 0 0.005
0.877 0.033 0 0.005
0.877 0.387 0 0.005
0.877 0.418 0 0.005
0.877 0.497 0 0.005
0.878 0.106 0 0.005
0.878 0.128 0 0.005
0.878 0.476 0 0.005
0.878 0.97 0 0.005
0.879 0.285 0 0.005
0.879 0.566 0 0.005
0.879 0.891 0 0.005
0.88 0.183 0 0.005
0.88 0.943 0 0.005
0.881 0.377 0 0.005
0.882 0.151 0 0.005
0.882 0.512 0 0.005
0.883 0.2 0 0.005
0.883 0.314 0 0.005
0.883 0.541 0 0.005
0.883 0.816 0 0.005
0.884 0.862 0 0.005
0.884 0.906 0 0.005
0.884 0.926 0 0.005
0.885 0.348 0 0.005
0.885 0.397 0 0.005
0.885 0.574 0 0.005
0.885 0.705 0 0.005
0.886 0.659 0 0.005
0.887 0.08 0 0.005
0.887 0.301 0 0.005
0.887 0.456 0 0.005
0.887 0.776 0 0.005
0.888 0.75 0 0.005
0.888 0.882 0 0.005
0.889 0.55 0 0.005
0.889 0.739 0 0.005
0.89 0.116 0 0.005
0.89 0.269 0 0.005
0.89 0.328 0 0.005
0.89 0.371 0 0.005
0.89 0.473 0 0.005
0.89 0.605 0 0.005
0.89 0.965 0 0.005
0.891 0.183 0 0.005
0.891 0.24 0 0.005
0.891 0.286 0 0.005
0.891 0.982 0 0.005
0.892 0.0012666666666666666 0 0.005
0.892 0.046 0 0.005
0.892 0.433 0 0.005
0.892 0.673 0 0.005
0.892 0.852 0 0.005
0.893 0.162 0 0.005
0.893 0.208 0 0.005
0.893 0.589 0 0.005
0.894 0.361 0 0.005
0.894 0.413 0 0.005
0.894 0.635 0 0.005
0.895 0.092 0 0.005
0.895 0.812 0 0.005
0.896 0.011 0 0.005
0.896 0.504 0 0.005
0.896 0.822 0 0.005
0.896 0.915 0 0.005
0.897 0.537 0 0.005
0.898 0.885 0 0.005
0.899 0.298 0 0.005
0.899 0.341 0 0.005
0.899 0.402 0 0.005
0.899 0.493 0 0.005
0.899 0.547 0 0.005
0.899 0.973 0 0.005
0.9 0.266 0 0.005
0.9 0.667 0 0.005
0.9 0.695 0 0.005
0.9 0.74 0 0.005
0.901 0.052 0 0.005
0.901 0.522 0 0.005
0.901 0.992 0 0.005
0.903 0.067 0 0.005
0.903 0.37 0 0.005
0.904 0.162 0 0.005
0.904 0.62 0 0.005
0.905 0.144 0 0.005
0.906 0.777 0 0.005
0.906 0.954 0 0.005
0.905 0.0 0 0.005
0.907 0.172 0 0.005
0.907 0.32 0 0.005
0.907 0.393 0 0.005
0.907 0.56 0 0.005
0.907 0.722 0 0.005
0.908 0.382 0 0.005
0.908 0.421 0 0.005
0.908 0.432 0 0.005
0.908 0.538 0 0.005
0.908 0.634 0 0.005
0.908 0.851 0 0.005
0.909 0.406 0 0.005
0.909 0.672 0 0.005
0.909 0.862 0 0.005
0.91 0.344 0 0.005
0.91 0.805 0 0.005
0.911 0.509 0 0.005
0.913 0.111 0 0.005
0.913 0.979 0 0.005
0.914 0.092 0 0.005
0.914 0.464 0 0.005
0.915 0.076 0 0.005
0.916 0.545 0 0.005
0.916 0.648 0 0.005
0.917 0.039 0 0.005
0.917 0.218 0 0.005
0.918 0.231 0 0.005
0.918 0.517 0 0.005
0.919 0.381 0 0.005
0.919 0.475 0 0.005
0.919 0.527 0 0.005
0.919 0.66 0 0.005
0.919 0.762 0 0.005
0.919 0.916 0 0.005
0.92 0.558 0 0.005
0.92 0.795 0 0.005
0.921 0.317 0 0.005
0.921 0.932 0 0.005
0.922 0.128 0 0.005
0.922 0.304 0 0.005
0.922 0.488 0 0.005
0.922 0.72 0 0.005
0.922 0.865 0 0.005
0.922 0.971 0 0.005
0.923 0.181 0 0.005
0.923 0.422 0 0.005
0.924 0.453 0 0.005
0.925 0.506 0 0.005
0.926 0.256 0 0.005
0.926 0.777 0 0.005
0.926 0.787 0 0.005
0.927 0.201 0 0.005
0.927 0.214 0 0.005
0.927 0.275 0 0.005
0.927 0.571 0 0.005
0.928 0.536 0 0.005
0.928 0.842 0 0.005
0.929 0.015 0 0.005
0.929 0.084 0 0.005
0.929 0.148 0 0.005
0.929 0.291 0 0.005
0.929 0.389 0 0.005
0.929 0.622 0 0.005
0.929 0.802 0 0.005
0.929 0.921 0 0.005
0.93 0.16 0 0.005
0.93 0.738 0 0.005
0.93 0.992 0 0.005
0.931 0.588 0 0.005
0.932 0.371 0 0.005
0.932 0.49 0 0.005
0.932 0.639 0 0.005
0.933 0.431 0 0.005
0.933 0.608 0 0.005
0.933 0.825 0 0.005
0.933 0.856 0 0.005
0.933 0.974 0 0.005
0.934 0.47 0 0.005
0.934 0.869 0 0.005
0.935 0.48 0 0.005
0.935 0.759 0 0.005
0.935 0.793 0 0.005
0.936 0.0017435897435897436 0 0.005
0.936 0.031 0 0.005
0.936 0.206 0 0.005
0.936 0.416 0 0.005
0.936 0.814 0 0.005
0.937 0.092 0 0.005
0.937 0.403 0 0.005
0.938 0.047 0 0.005
0.938 0.284 0 0.005
0.939 0.171 0 0.005
0.939 0.622 0 0.005
0.939 0.649 0 0.005
0.94 0.393 0 0.005
0.94 0.706 0 0.005
0.94 0.776 0 0.005
0.94 0.94 0 0.005
0.941 0.232 0 0.005
0.941 0.311 0 0.005
0.941 0.456 0 0.005
0.941 0.548 0 0.005
0.941 0.909 0 0.005
0.941 0.95 0 0.005
0.942 0.668 0 0.005
0.943 0.131 0 0.005
0.943 0.445 0 0.005
0.943 0.528 0 0.005
0.944 0.073 0 0.005
0.944 0.863 0 0.005
0.944 0.924 0 0.005
0.945 0.344 0 0.005
0.945 0.354 0 0.005
0.945 0.507 0 0.005
0.945 0.687 0 0.005
0.946 0.204 0 0.005
0.946 0.487 0 0.005
0.946 0.632 0 0.005
0.947 0.177 0 0.005
0.947 0.566 0 0.005
0.947 0.725 0 0.005
0.947 0.825 0 0.005
0.947 0.84 0 0.005
0.948 0.6 0 0.005
0.948 0.655 0 0.005
0.949 0.279 0 0.005
0.949 0.463 0 0.005
0.949 0.618 0 0.005
0.949 0.753 0 0.005
0.949 0.785 0 0.005
0.95 0.254 0 0.005
0.95 0.297 0 0.005
0.95 0.32 0 0.005
0.95 0.737 0 0.005
0.95 0.0004166666666666667 0 0.005
0.951 0.369 0 0.005
0.951 0.431 0 0.005
0.953 0.239 0 0.005
0.953 0.39 0 0.005
0.953 0.666 0 0.005
0.954 0.578 0 0.005
0.954 0.887 0 0.005
0.955 0.139 0 0.005
0.955 0.153 0 0.005
0.955 0.409 0 0.005
0.955 0.552 0 0.005
0.955 0.641 0 0.005
0.955 0.697 0 0.005
0.955 0.988 0 0.005
0.957 0.489 0 0.005
0.957 0.84 0 0.005
0.957 0.868 0 0.005
0.958 0.089 0 0.005
0.958 0.34 0 0.005
0.958 0.423 0 0.005
0.958 0.589 0 0.005
0.958 0.655 0 0.005
0.959 0.015 0 0.005
0.959 0.028 0 0.005
0.959 0.189 0 0.005
0.959 0.772 0 0.005
0.96 0.049 0 0.005
0.96 0.231 0 0.005
0.961 0.739 0 0.005
0.962 0.563 0 0.005
0.962 0.678 0 0.005
0.963 0.934 0 0.005
0.964 0.132 0 0.005
0.964 0.165 0 0.005
0.964 0.8 0 0.005
0.965 0.575 0 0.005
0.965 0.828 0 0.005
0.966 0.214 0 0.005
0.966 0.369 0 0.005
0.966 0.889 0 0.005
0.967 0.551 0 0.005
0.968 0.281 0 0.005
0.968 0.334 0 0.005
0.968 0.509 0 0.005
0.968 0.783 0 0.005
0.968 0.879 0 0.005
0.969 0.106 0 0.005
0.969 0.145 0 0.005
0.969 0.91 0 0.005
0.97 0.235 0 0.005
0.97 0.718 0 0.005
0.971 0.033 0 0.005
0.971 0.174 0 0.005
0.971 0.486 0 0.005
0.972 0.406 0 0.005
0.972 0.693 0 0.005
0.973 0.06 0 0.005
0.973 0.259 0 0.005
0.973 0.836 0 0.005
0.973 0.968 0 0.005
0.974 0.009 0 0.005
0.974 0.197 0 0.005
0.974 0.519 0 0.005
0.974 0.67 0 0.005
0.975 0.272 0 0.005
0.975 0.633 0 0.005
0.976 0.38 0 0.005
0.976 0.76 0 0.005
0.976 0.893 0 0.005
0.974 0.999 0 0.005
0.977 0.121 0 0.005
0.977 0.301 0 0.005
0.977 0.349 0 0.005
0.978 0.551 0 0.005
0.979 0.141 0 0.005
0.979 0.792 0 0.005
0.98 0.232 0 0.005
0.98 0.323 0 0.005
0.98 0.434 0 0.005
0.98 0.495 0 0.005
0.981 0.044 0 0.005
0.981 0.678 0 0.005
0.981 0.88 0 0.005
0.982 0.189 0 0.005
0.982 0.593 0 0.005
0.982 0.74 0 0.005
0.982 0.804 0 0.005
0.982 0.818 0 0.005
0.982 0.936 0 0.005
0.983 0.202 0 0.005
0.983 0.514 0 0.005
0.984 0.034 0 0.005
0.984 0.573 0 0.005
0.984 0.831 0 0.005
0.985 0.0022291666666666666 0 0.005
0.985 0.112 0 0.005
0.986 0.084 0 0.005
0.986 0.721 0 0.005
0.987 0.286 0 0.005
0.987 0.37 0 0.005
0.987 0.602 0 0.005
0.987 0.891 0 0.005
0.988 0.416 0 0.005
0.988 0.443 0 0.005
0.988 0.976 0 0.005
0.989 0.618 0 0.005
0.989 0.645 0 0.005
0.989 0.748 0 0.005
0.989 0.921 0 0.005
0.99 0.128 0 0.005
0.99 0.22 0 0.005
0.99 0.331 0 0.005
0.991 0.247 0 0.005
0.991 0.852 0 0.005
0.992 0.196 0 0.005
0.992 0.38 0 0.005
0.992 0.471 0 0.005
0.992 0.823 0 0.005
0.993 0.629 0 0.005
0.993 0.659 0 0.005
0.993 0.678 0 0.005
0.993 0.953 0 0.005
0.993 0.9977333333333334 0 0.005
0.994 0.103 0 0.005
0.9956875 0.591 0 0.005
0.996280701754386 0.278 0 0.005
0.996280701754386 0.502 0 0.005
0.996280701754386 0.569 0 0.005
0.996280701754386 0.78 0 0.005
0.996280701754386 0.843 0 0.005
0.9967708333333334 0.034 0 0.005
0.9967708333333334 0.137 0 0.005
0.9967708333333334 0.153 0 0.005
0.9967708333333334 0.719 0 0.005
0.9967708333333334 0.933 0 0.005
0.9972564102564103 0.019 0 0.005
0.9972564102564103 0.048 0 0.005
0.9972564102564103 0.094 0 0.005
0.9972564102564103 0.265 0 0.005
0.9972564102564103 0.556 0 0.005
0.9972564102564103 0.87 0 0.005
0.9972564102564103 0.889 0 0.005
0.9977333333333334 0.068 0 0.005
0.9977333333333334 0.187 0 0.005
0.9977333333333334 0.21 0 0.005
0.9977333333333334 0.443 0 0.005
0.9977333333333334 0.709 0 0.005
0.9977333333333334 0.75 0 0.005
0.9981904761904762 0.348 0 0.005
0.9981904761904762 0.53 0 0.005
0.9981904761904762 0.811 0 0.005
0.9985833333333334 0.363 0 0.005
0.9985833333333334 0.697 0 0.005
0.999 0.079 0 0.005
0.999 0.299 0 0.005
0.999 0.487 0 0.005
0.999 0.687 0 0.005
0.999 0.987 0 0.005
