0.0008333333333333334 0.0015833333333333333 0 0.005
0.002719298245614035 0.011 0 0.005
0.002719298245614035 0.048 0 0.005
0.002719298245614035 0.09 0 0.005
0.0012666666666666666 0.189 0 0.005
0.0004166666666666667 0.214 0 0.005
0.0008095238095238096 0.298 0 0.005
0.0 0.326 0 0.005
0.0022291666666666666 0.362 0 0.005
0.0033125 0.381 0 0.005
0.0008095238095238096 0.437 0 0.005
0.004 0.473 0 0.005
0.002719298245614035 0.502 0 0.005
0.0008095238095238096 0.53 0 0.005
0.0004166666666666667 0.553 0 0.005
0.002719298245614035 0.591 0 0.005
0.0 0.623 0 0.005
0.004 0.65 0 0.005
0.0004166666666666667 0.683 0 0.005
0.0022291666666666666 0.703 0 0.005
0.002719298245614035 0.72 0 0.005
0.0022291666666666666 0.738 0 0.005
0.0017435897435897436 0.752 0 0.005
0.0 0.811 0 0.005
0.0004166666666666667 0.885 0 0.005
0.0 0.914 0 0.005
0.0012666666666666666 0.965 0 0.005
0.005 0.121 0 0.005
0.005 0.231 0 0.005
0.005 0.247 0 0.005
0.005 0.775 0 0.005
0.006 0.8 0 0.005
0.007 0.62 0 0.005
0.007 0.867 0 0.005
0.008 0.198 0 0.005
0.008 0.712 0 0.005
0.01 0.209 0 0.005
0.01 0.63 0 0.005
0.01 0.788 0 0.005
0.011 0.845 0 0.005
0.012 0.073 0 0.005
0.012 0.161 0 0.005
0.012 0.283 0 0.005
0.012 0.298 0 0.005
0.012 0.506 0 0.005
0.012 0.565 0 0.005
0.012 0.701 0 0.005
0.012 0.73 0 0.005
0.012 0.927 0 0.005
0.012 0.98 0 0.005
0.013 0.393 0 0.005
0.014 0.184 0 0.005
0.014 0.352 0 0.005
0.014 0.549 0 0.005
0.014 0.689 0 0.005
0.015 0.374 0 0.005
0.015 0.47 0 0.005
0.015 0.586 0 0.005
0.016 0.861 0 0.005
0.017 0.138 0 0.005
0.017 0.309 0 0.005
0.017 0.412 0 0.005
0.017 0.745 0 0.005
0.017 0.772 0 0.005
0.017 0.804 0 0.005
0.017 0.957 0 0.005
0.018 0.224 0 0.005
0.018 0.328 0 0.005
0.018 0.341 0 0.005
0.018 0.52 0 0.005
0.018 0.82 0 0.005
0.019 0.028 0 0.005
0.019 0.534 0 0.005
0.019 0.645 0 0.005
0.019 0.712 0 0.005
0.019 0.833 0 0.005
0.02 0.009 0 0.005
0.02 0.089 0 0.005
0.02 0.851 0 0.005
0.021 0.967 0 0.005
0.022 0.177 0 0.005
0.022 0.44 0 0.005
0.022 0.462 0 0.005
0.022 0.559 0 0.005
0.022 0.611 0 0.005
0.023 0.249 0 0.005
0.023 0.889 0 0.005
0.024 0.656 0 0.005
0.025 0.046 0 0.005
0.025 0.191 0 0.005
0.026 0.081 0 0.005
0.026 0.569 0 0.005
0.027 0.628 0 0.005
0.027 0.8 0 0.005
0.028 0.41 0 0.005
0.029 0.588 0 0.005
0.029 0.934 0 0.005
0.03 0.166 0 0.005
0.03 0.298 0 0.005
0.03 0.835 0 0.005
0.031 0.259 0 0.005
0.031 0.328 0 0.005
0.031 0.384 0 0.005
0.031 0.487 0 0.005
0.032 0.696 0 0.005
0.032 0.912 0 0.005
0.033 0.441 0 0.005
0.033 0.78 0 0.005
0.033 0.944 0 0.005
0.034 0.121 0 0.005
0.034 0.197 0 0.005
0.034 0.214 0 0.005
0.034 0.43 0 0.005
0.034 0.575 0 0.005
0.034 0.613 0 0.005
0.035 0.685 0 0.005
0.035 0.98 0 0.005
0.036 0.062 0 0.005
0.036 0.401 0 0.005
0.036 0.655 0 0.005
0.036 0.713 0 0.005
0.037 0.089 0 0.005
0.037 0.182 0 0.005
0.037 0.63 0 0.005
0.038 0.269 0 0.005
0.038 0.645 0 0.005
0.039 0.586 0 0.005
0.04 0.307 0 0.005
0.041 0.004 0 0.005
0.041 0.32 0 0.005
0.041 0.335 0 0.005
0.041 0.745 0 0.005
0.041 0.77 0 0.005
0.042 0.245 0 0.005
0.042 0.67 0 0.005
0.043 0.459 0 0.005
0.043 0.48 0 0.005
0.043 0.852 0 0.005
0.043 0.949 0 0.005
0.044 0.204 0 0.005
0.045 0.023 0 0.005
0.045 0.374 0 0.005
0.045 0.509 0 0.005
0.045 0.863 0 0.005
0.046 0.527 0 0.005
0.046 0.572 0 0.005
0.046 0.713 0 0.005
0.046 0.779 0 0.005
0.047 0.046 0 0.005
0.047 0.082 0 0.005
0.047 0.602 0 0.005
0.047 0.636 0 0.005
0.047 0.99 0 0.005
0.048 0.12 0 0.005
0.048 0.134 0 0.005
0.049 0.161 0 0.005
0.05 0.095 0 0.005
0.05 0.173 0 0.005
0.05 0.189 0 0.005
0.05 0.289 0 0.005
0.05 0.444 0 0.005
0.05 0.661 0 0.005
0.051 0.273 0 0.005
0.051 0.408 0 0.005
0.052 0.364 0 0.005
0.052 0.556 0 0.005
0.053 0.734 0 0.005
0.053 0.796 0 0.005
0.053 0.835 0 0.005
0.053 0.854 0 0.005
0.053 0.879 0 0.005
0.054 0.675 0 0.005
0.054 0.0004166666666666667 0 0.005
0.055 0.3 0 0.005
0.055 0.808 0 0.005
0.055 0.924 0 0.005
0.056 0.522 0 0.005
0.057 0.054 0 0.005
0.057 0.352 0 0.005
0.057 0.538 0 0.005
0.057 0.896 0 0.005
0.058 0.139 0 0.005
0.058 0.259 0 0.005
0.058 0.972 0 0.005
0.059 0.027 0 0.005
0.059 0.315 0 0.005
0.059 0.705 0 0.005
0.059 0.935 0 0.005
0.06 0.175 0 0.005
0.06 0.486 0 0.005
0.06 0.663 0 0.005
0.061 0.114 0 0.005
0.061 0.28 0 0.005
0.061 0.376 0 0.005
0.061 0.585 0 0.005
0.063 0.326 0 0.005
0.063 0.471 0 0.005
0.063 0.496 0 0.005
0.063 0.842 0 0.005
0.064 0.068 0 0.005
0.065 0.399 0 0.005
0.065 0.514 0 0.005
0.065 0.909 0 0.005
0.066 0.206 0 0.005
0.066 0.736 0 0.005
0.067 0.389 0 0.005
0.067 0.655 0 0.005
0.069 0.266 0 0.005
0.069 0.564 0 0.005
0.069 0.762 0 0.005
0.07 0.013 0 0.005
0.07 0.43 0 0.005
0.07 0.61 0 0.005
0.07 0.752 0 0.005
0.07 0.864 0 0.005
0.071 0.543 0 0.005
0.071 0.996280701754386 0 0.005
0.072 0.076 0 0.005
0.072 0.163 0 0.005
0.072 0.189 0 0.005
0.072 0.333 0 0.005
0.073 0.148 0 0.005
0.073 0.444 0 0.005
0.073 0.953 0 0.005
0.074 0.674 0 0.005
0.074 0.806 0 0.005
0.075 0.297 0 0.005
0.075 0.497 0 0.005
0.075 0.741 0 0.005
0.076 0.313 0 0.005
0.076 0.988 0 0.005
0.078 0.713 0 0.005
0.079 0.053 0 0.005
0.079 0.086 0 0.005
0.079 0.383 0 0.005
0.08 0.262 0 0.005
0.08 0.287 0 0.005
0.08 0.763 0 0.005
0.08 0.926 0 0.005
0.081 0.406 0 0.005
0.081 0.544 0 0.005
0.082 0.169 0 0.005
0.082 0.423 0 0.005
0.082 0.527 0 0.005
0.082 0.59 0 0.005
0.082 0.639 0 0.005
0.082 0.822 0 0.005
0.082 0.856 0 0.005
0.083 0.0033125 0 0.005
0.083 0.206 0 0.005
0.083 0.364 0 0.005
0.083 0.79 0 0.005
0.084 0.101 0 0.005
0.084 0.225 0 0.005
0.084 0.321 0 0.005
0.084 0.565 0 0.005
0.084 0.732 0 0.005
0.085 0.04 0 0.005
0.085 0.123 0 0.005
0.085 0.604 0 0.005
0.086 0.027 0 0.005
0.086 0.148 0 0.005
0.086 0.444 0 0.005
0.087 0.847 0 0.005
0.087 0.906 0 0.005
0.088 0.722 0 0.005
0.089 0.053 0 0.005
0.089 0.091 0 0.005
0.089 0.515 0 0.005
0.089 0.92 0 0.005
0.09 0.292 0 0.005
0.09 0.777 0 0.005
0.09 0.876 0 0.005
0.091 0.302 0 0.005
0.091 0.954 0 0.005
0.092 0.01 0 0.005
0.092 0.329 0 0.005
0.092 0.393 0 0.005
0.092 0.813 0 0.005
0.093 0.14 0 0.005
0.093 0.27 0 0.005
0.094 0.759 0 0.005
0.094 0.976 0 0.005
0.095 0.208 0 0.005
0.095 0.427 0 0.005
0.095 0.577 0 0.005
0.095 0.86 0 0.005
0.096 0.153 0 0.005
0.096 0.17 0 0.005
0.096 0.361 0 0.005
0.096 0.491 0 0.005
0.097 0.111 0 0.005
0.097 0.187 0 0.005
0.098 0.257 0 0.005
0.098 0.318 0 0.005
0.098 0.415 0 0.005
0.099 0.027 0 0.005
0.099 0.236 0 0.005
0.099 0.478 0 0.005
0.1 0.061 0 0.005
0.1 0.649 0 0.005
0.1 0.807 0 0.005
0.1 0.893 0 0.005
0.101 0.452 0 0.005
0.102 0.198 0 0.005
0.102 0.769 0 0.005
0.102 0.797 0 0.005
0.102 0.923 0 0.005
0.103 0.733 0 0.005
0.104 0.278 0 0.005
0.104 0.718 0 0.005
0.105 0.748 0 0.005
0.106 0.607 0 0.005
0.107 0.009 0 0.005
0.107 0.127 0 0.005
0.107 0.221 0 0.005
0.107 0.532 0 0.005
0.107 0.758 0 0.005
0.108 0.101 0 0.005
0.108 0.255 0 0.005
0.108 0.363 0 0.005
0.109 0.053 0 0.005
0.109 0.833 0 0.005
0.109 0.85 0 0.005
0.109 0.861 0 0.005
0.11 0.328 0 0.005
0.111 0.032 0 0.005
0.111 0.174 0 0.005
0.111 0.427 0 0.005
0.111 0.878 0 0.005
0.112 0.065 0 0.005
0.112 0.386 0 0.005
0.112 0.596 0 0.005
0.112 0.636 0 0.005
0.113 0.089 0 0.005
0.113 0.116 0 0.005
0.113 0.445 0 0.005
0.113 0.496 0 0.005
0.113 0.577 0 0.005
0.113 0.656 0 0.005
0.113 0.767 0 0.005
0.114 0.237 0 0.005
0.115 0.156 0 0.005
0.115 0.543 0 0.005
0.116 0.404 0 0.005
0.116 0.723 0 0.005
0.116 0.894 0 0.005
0.117 0.216 0 0.005
0.117 0.457 0 0.005
0.118 0.019 0 0.005
0.118 0.318 0 0.005
0.118 0.529 0 0.005
0.118 0.671 0 0.005
0.118 0.984 0 0.005
0.119 0.14 0 0.005
0.119 0.256 0 0.005
0.119 0.96 0 0.005
0.12 0.081 0 0.005
0.12 0.556 0 0.005
0.12 0.782 0 0.005
0.121 0.366 0 0.005
0.121 0.431 0 0.005
0.121 0.508 0 0.005
0.121 0.845 0 0.005
0.122 0.095 0 0.005
0.122 0.748 0 0.005
0.123 0.603 0 0.005
0.123 0.616 0 0.005
0.123 0.905 0 0.005
0.123 0.92 0 0.005
0.124 0.111 0 0.005
0.124 0.306 0 0.005
0.124 0.398 0 0.005
0.124 0.443 0 0.005
0.124 0.823 0 0.005
0.124 0.9972564102564103 0 0.005
0.125 0.288 0 0.005
0.126 0.169 0 0.005
0.126 0.232 0 0.005
0.126 0.334 0 0.005
0.127 0.702 0 0.005
0.128 0.48 0 0.005
0.128 0.867 0 0.005
0.13 0.025 0 0.005
0.13 0.322 0 0.005
0.131 0.074 0 0.005
0.131 0.136 0 0.005
0.131 0.572 0 0.005
0.131 0.589 0 0.005
0.131 0.652 0 0.005
0.131 0.846 0 0.005
0.132 0.002719298245614035 0 0.005
0.132 0.191 0 0.005
0.132 0.366 0 0.005
0.132 0.738 0 0.005
0.132 0.965 0 0.005
0.133 0.508 0 0.005
0.134 0.282 0 0.005
0.135 0.432 0 0.005
0.135 0.984 0 0.005
0.136 0.301 0 0.005
0.136 0.807 0 0.005
0.136 0.917 0 0.005
0.137 0.056 0 0.005
0.137 0.205 0 0.005
0.137 0.448 0 0.005
0.137 0.755 0 0.005
0.138 0.389 0 0.005
0.138 0.66 0 0.005
0.139 0.041 0 0.005
0.139 0.216 0 0.005
0.14 0.009 0 0.005
0.14 0.488 0 0.005
0.14 0.793 0 0.005
0.141 0.587 0 0.005
0.141 0.733 0 0.005
0.141 0.776 0 0.005
0.141 0.836 0 0.005
0.141 0.89 0 0.005
0.142 0.094 0 0.005
0.142 0.323 0 0.005
0.142 0.374 0 0.005
0.142 0.616 0 0.005
0.143 0.353 0 0.005
0.143 0.992 0 0.005
0.144 0.119 0 0.005
0.144 0.701 0 0.005
0.144 0.853 0 0.005
0.144 0.949 0 0.005
0.145 0.52 0 0.005
0.145 0.678 0 0.005
0.145 0.716 0 0.005
0.146 0.435 0 0.005
0.146 0.878 0 0.005
0.147 0.063 0 0.005
0.147 0.178 0 0.005
0.147 0.298 0 0.005
0.147 0.744 0 0.005
0.148 0.074 0 0.005
0.148 0.204 0 0.005
0.148 0.382 0 0.005
0.148 0.566 0 0.005
0.148 0.801 0 0.005
0.149 0.309 0 0.005
0.149 0.639 0 0.005
0.149 0.826 0 0.005
0.149 0.929 0 0.005
0.15 0.279 0 0.005
0.15 0.42 0 0.005
0.15 0.476 0 0.005
0.15 0.983 0 0.005
0.151 0.032 0 0.005
0.151 0.345 0 0.005
0.151 0.666 0 0.005
0.152 0.141 0 0.005
0.152 0.654 0 0.005
0.152 0.898 0 0.005
0.152 0.966 0 0.005
0.154 0.588 0 0.005
0.154 0.61 0 0.005
0.155 0.858 0 0.005
0.156 0.104 0 0.005
0.156 0.955 0 0.005
0.157 0.051 0 0.005
0.157 0.707 0 0.005
0.158 0.166 0 0.005
0.158 0.238 0 0.005
0.158 0.265 0 0.005
0.158 0.547 0 0.005
0.158 0.561 0 0.005
0.159 0.069 0 0.005
0.159 0.453 0 0.005
0.159 0.721 0 0.005
0.16 0.679 0 0.005
0.16 0.881 0 0.005
0.161 0.303 0 0.005
0.161 0.407 0 0.005
0.161 0.691 0 0.005
0.161 0.758 0 0.005
0.162 0.214 0 0.005
0.162 0.925 0 0.005
0.163 0.345 0 0.005
0.163 0.582 0 0.005
0.164 0.14 0 0.005
0.164 0.278 0 0.005
0.164 0.442 0 0.005
0.164 0.53 0 0.005
0.164 0.615 0 0.005
0.164 0.808 0 0.005
0.164 0.82 0 0.005
0.165 0.987 0 0.005
0.166 0.103 0 0.005
0.166 0.153 0 0.005
0.166 0.289 0 0.005
0.166 0.667 0 0.005
0.166 0.841 0 0.005
0.167 0.312 0 0.005
0.167 0.328 0 0.005
0.167 0.638 0 0.005
0.168 0.063 0 0.005
0.168 0.176 0 0.005
0.168 0.653 0 0.005
0.168 0.736 0 0.005
0.169 0.976 0 0.005
0.17 0.119 0 0.005
0.17 0.369 0 0.005
0.171 0.093 0 0.005
0.171 0.492 0 0.005
0.171 0.866 0 0.005
0.172 0.214 0 0.005
0.172 0.47 0 0.005
0.173 0.27 0 0.005
0.173 0.61 0 0.005
0.174 0.46 0 0.005
0.175 0.515 0 0.005
0.175 0.718 0 0.005
0.175 0.756 0 0.005
0.176 0.291 0 0.005
0.176 0.855 0 0.005
0.176 0.992 0 0.005
0.177 0.051 0 0.005
0.177 0.554 0 0.005
0.177 0.826 0 0.005
0.177 0.841 0 0.005
0.177 0.97 0 0.005
0.178 0.349 0 0.005
0.178 0.404 0 0.005
0.178 0.663 0 0.005
0.179 0.178 0 0.005
0.179 0.805 0 0.005
0.179 0.931 0 0.005
0.18 0.133 0 0.005
0.18 0.194 0 0.005
0.18 0.373 0 0.005
0.18 0.448 0 0.005
0.181 0.027 0 0.005
0.181 0.869 0 0.005
0.181 0.921 0 0.005
0.182 0.145 0 0.005
0.182 0.53 0 0.005
0.182 0.578 0 0.005
0.182 0.743 0 0.005
0.183 0.097 0 0.005
0.184 0.49 0 0.005
0.185 0.08 0 0.005
0.185 0.236 0 0.005
0.185 0.387 0 0.005
0.185 0.884 0 0.005
0.186 0.113 0 0.005
0.186 0.216 0 0.005
0.187 0.184 0 0.005
0.187 0.501 0 0.005
0.187 0.848 0 0.005
0.188 0.057 0 0.005
0.188 0.271 0 0.005
0.189 0.168 0 0.005
0.189 0.703 0 0.005
0.189 0.903 0 0.005
0.19 0.012 0 0.005
0.19 0.035 0 0.005
0.19 0.34 0 0.005
0.19 0.585 0 0.005
0.19 0.637 0 0.005
0.189 0.9985833333333334 0 0.005
0.191 0.302 0 0.005
0.191 0.549 0 0.005
0.191 0.737 0 0.005
0.191 0.793 0 0.005
0.193 0.121 0 0.005
0.193 0.355 0 0.005
0.193 0.959 0 0.005
0.195 0.076 0 0.005
0.195 0.323 0 0.005
0.195 0.375 0 0.005
0.196 0.611 0 0.005
0.197 0.289 0 0.005
0.197 0.87 0 0.005
0.198 0.047 0 0.005
0.198 0.269 0 0.005
0.198 0.526 0 0.005
0.198 0.726 0 0.005
0.198 0.969 0 0.005
0.197 0.0 0 0.005
0.199 0.129 0 0.005
0.199 0.253 0 0.005
0.199 0.411 0 0.005
0.199 0.813 0 0.005
0.2 0.483 0 0.005
0.2 0.656 0 0.005
0.2 0.929 0 0.005
0.201 0.307 0 0.005
0.202 0.22 0 0.005
0.202 0.233 0 0.005
0.202 0.331 0 0.005
0.202 0.471 0 0.005
0.202 0.537 0 0.005
0.202 0.826 0 0.005
0.203 0.092 0 0.005
0.203 0.493 0 0.005
0.204 0.207 0 0.005
0.204 0.431 0 0.005
0.204 0.671 0 0.005
0.204 0.878 0 0.005
0.204 0.945 0 0.005
0.204 0.984 0 0.005
0.205 0.582 0 0.005
0.205 0.636 0 0.005
0.205 0.758 0 0.005
0.206 0.392 0 0.005
0.206 0.682 0 0.005
0.206 0.695 0 0.005
0.206 0.718 0 0.005
0.207 0.852 0 0.005
0.208 0.526 0 0.005
0.208 0.603 0 0.005
0.208 0.903 0 0.005
0.209 0.459 0 0.005
0.209 0.958 0 0.005
0.21 0.0012666666666666666 0 0.005
0.21 0.363 0 0.005
0.21 0.408 0 0.005
0.211 0.189 0 0.005
0.211 0.292 0 0.005
0.211 0.423 0 0.005
0.211 0.801 0 0.005
0.211 0.994 0 0.005
0.212 0.265 0 0.005
0.212 0.727 0 0.005
0.213 0.238 0 0.005
0.213 0.791 0 0.005
0.213 0.886 0 0.005
0.214 0.225 0 0.005
0.214 0.518 0 0.005
0.214 0.741 0 0.005
0.216 0.674 0 0.005
0.217 0.089 0 0.005
0.217 0.322 0 0.005
0.217 0.452 0 0.005
0.217 0.589 0 0.005
0.217 0.608 0 0.005
0.217 0.703 0 0.005
0.217 0.776 0 0.005
0.218 0.127 0 0.005
0.218 0.54 0 0.005
0.218 0.571 0 0.005
0.218 0.824 0 0.005
0.218 0.904 0 0.005
0.219 0.43 0 0.005
0.219 0.465 0 0.005
0.219 0.858 0 0.005
0.22 0.019 0 0.005
0.22 0.158 0 0.005
0.22 0.498 0 0.005
0.22 0.634 0 0.005
0.22 0.693 0 0.005
0.221 0.137 0 0.005
0.221 0.203 0 0.005
0.221 0.298 0 0.005
0.222 0.311 0 0.005
0.222 0.936 0 0.005
0.223 0.075 0 0.005
0.223 0.397 0 0.005
0.223 0.751 0 0.005
0.224 0.37 0 0.005
0.224 0.442 0 0.005
0.224 0.736 0 0.005
0.225 0.26 0 0.005
0.225 0.802 0 0.005
0.225 0.968 0 0.005
0.226 0.172 0 0.005
0.226 0.329 0 0.005
0.226 0.954 0 0.005
0.226 0.985 0 0.005
0.227 0.038 0 0.005
0.227 0.244 0 0.005
0.227 0.58 0 0.005
0.227 0.653 0 0.005
0.227 0.9977333333333334 0 0.005
0.228 0.151 0 0.005
0.229 0.475 0 0.005
0.229 0.562 0 0.005
0.229 0.592 0 0.005
0.229 0.841 0 0.005
0.23 0.095 0 0.005
0.23 0.682 0 0.005
0.23 0.921 0 0.005
0.231 0.0012666666666666666 0 0.005
0.231 0.19 0 0.005
0.231 0.412 0 0.005
0.231 0.724 0 0.005
0.231 0.885 0 0.005
0.232 0.667 0 0.005
0.233 0.202 0 0.005
0.233 0.235 0 0.005
0.234 0.523 0 0.005
0.236 0.542 0 0.005
0.237 0.138 0 0.005
0.237 0.784 0 0.005
0.238 0.442 0 0.005
0.238 0.732 0 0.005
0.238 0.927 0 0.005
0.239 0.038 0 0.005
0.239 0.07 0 0.005
0.239 0.1 0 0.005
0.239 0.122 0 0.005
0.239 0.347 0 0.005
0.239 0.916 0 0.005
0.24 0.276 0 0.005
0.24 0.505 0 0.005
0.24 0.982 0 0.005
0.241 0.084 0 0.005
0.241 0.211 0 0.005
0.241 0.296 0 0.005
0.241 0.465 0 0.005
0.241 0.867 0 0.005
0.241 0.956 0 0.005
0.243 0.363 0 0.005
0.243 0.636 0 0.005
0.244 0.152 0 0.005
0.244 0.69 0 0.005
0.244 0.704 0 0.005
0.244 0.797 0 0.005
0.245 0.337 0 0.005
0.245 0.529 0 0.005
0.246 0.014 0 0.005
0.246 0.226 0 0.005
0.246 0.256 0 0.005
0.248 0.56 0 0.005
0.248 0.905 0 0.005
0.248 0.9977333333333334 0 0.005
0.249 0.047 0 0.005
0.249 0.07 0 0.005
0.249 0.388 0 0.005
0.249 0.611 0 0.005
0.249 0.924 0 0.005
0.25 0.421 0 0.005
0.25 0.441 0 0.005
0.25 0.859 0 0.005
0.251 0.943 0 0.005
0.252 0.0008095238095238096 0 0.005
0.252 0.141 0 0.005
0.252 0.325 0 0.005
0.253 0.185 0 0.005
0.253 0.895 0 0.005
0.254 0.122 0 0.005
0.255 0.153 0 0.005
0.255 0.306 0 0.005
0.255 0.984 0 0.005
0.256 0.453 0 0.005
0.256 0.509 0 0.005
0.256 0.578 0 0.005
0.256 0.817 0 0.005
0.257 0.06 0 0.005
0.258 0.2 0 0.005
0.258 0.239 0 0.005
0.258 0.296 0 0.005
0.258 0.353 0 0.005
0.258 0.568 0 0.005
0.258 0.62 0 0.005
0.258 0.649 0 0.005
0.258 0.765 0 0.005
0.259 0.074 0 0.005
0.259 0.365 0 0.005
0.26 0.527 0 0.005
0.26 0.88 0 0.005
0.261 0.03 0 0.005
0.261 0.49 0 0.005
0.261 0.556 0 0.005
0.262 0.538 0 0.005
0.262 0.592 0 0.005
0.262 0.662 0 0.005
0.263 0.286 0 0.005
0.264 0.128 0 0.005
0.264 0.445 0 0.005
0.265 0.006 0 0.005
0.266 0.104 0 0.005
0.266 0.405 0 0.005
0.266 0.728 0 0.005
0.266 0.801 0 0.005
0.266 0.9981904761904762 0 0.005
0.268 0.565 0 0.005
0.268 0.746 0 0.005
0.268 0.932 0 0.005
0.269 0.085 0 0.005
0.269 0.323 0 0.005
0.269 0.643 0 0.005
0.269 0.962 0 0.005
0.27 0.04 0 0.005
0.271 0.189 0 0.005
0.271 0.705 0 0.005
0.271 0.912 0 0.005
0.272 0.159 0 0.005
0.272 0.0004166666666666667 0 0.005
0.273 0.096 0 0.005
0.273 0.394 0 0.005
0.273 0.664 0 0.005
0.274 0.014 0 0.005
0.274 0.286 0 0.005
0.276 0.267 0 0.005
0.276 0.537 0 0.005
0.277 0.07 0 0.005
0.277 0.122 0 0.005
0.277 0.254 0 0.005
0.277 0.302 0 0.005
0.277 0.491 0 0.005
0.277 0.525 0 0.005
0.278 0.201 0 0.005
0.278 0.792 0 0.005
0.278 0.853 0 0.005
0.279 0.132 0 0.005
0.279 0.148 0 0.005
0.279 0.577 0 0.005
0.279 0.604 0 0.005
0.28 0.022 0 0.005
0.28 0.745 0 0.005
0.28 0.948 0 0.005
0.281 0.773 0 0.005
0.282 0.375 0 0.005
0.282 0.593 0 0.005
0.282 0.643 0 0.005
0.283 0.095 0 0.005
0.283 0.159 0 0.005
0.284 0.011 0 0.005
0.284 0.285 0 0.005
0.284 0.318 0 0.005
0.284 0.924 0 0.005
0.285 0.272 0 0.005
0.285 0.426 0 0.005
0.285 0.977 0 0.005
0.286 0.612 0 0.005
0.286 0.814 0 0.005
0.286 0.828 0 0.005
0.287 0.037 0 0.005
0.287 0.117 0 0.005
0.287 0.477 0 0.005
0.287 0.496 0 0.005
0.288 0.897 0 0.005
0.289 0.704 0 0.005
0.289 0.935 0 0.005
0.289 0.993 0 0.005
0.29 0.463 0 0.005
0.29 0.522 0 0.005
0.29 0.739 0 0.005
0.29 0.883 0 0.005
0.29 0.909 0 0.005
0.291 0.404 0 0.005
0.291 0.442 0 0.005
0.291 0.967 0 0.005
0.292 0.086 0 0.005
0.292 0.245 0 0.005
0.292 0.781 0 0.005
0.292 0.952 0 0.005
0.293 0.147 0 0.005
0.293 0.377 0 0.005
0.293 0.506 0 0.005
0.293 0.537 0 0.005
0.293 0.685 0 0.005
0.294 0.293 0 0.005
0.294 0.555 0 0.005
0.295 0.176 0 0.005
0.295 0.328 0 0.005
0.295 0.769 0 0.005
0.295 0.865 0 0.005
0.296 0.192 0 0.005
0.296 0.305 0 0.005
0.296 0.425 0 0.005
0.296 0.641 0 0.005
0.297 0.021 0 0.005
0.297 0.274 0 0.005
0.298 0.059 0 0.005
0.298 0.122 0 0.005
0.298 0.666 0 0.005
0.299 0.979 0 0.005
0.3 0.398 0 0.005
0.3 0.615 0 0.005
0.302 0.743 0 0.005
0.302 0.758 0 0.005
0.303 0.605 0 0.005
0.303 0.899 0 0.005
0.303 0.955 0 0.005
0.304 0.09 0 0.005
0.304 0.436 0 0.005
0.305 0.215 0 0.005
0.305 0.993 0 0.005
0.306 0.254 0 0.005
0.306 0.479 0 0.005
0.306 0.816 0 0.005
0.306 0.941 0 0.005
0.307 0.072 0 0.005
0.307 0.185 0 0.005
0.307 0.24 0 0.005
0.307 0.295 0 0.005
0.307 0.34 0 0.005
0.307 0.371 0 0.005
0.308 0.06 0 0.005
0.309 0.716 0 0.005
0.309 0.778 0 0.005
0.309 0.794 0 0.005
0.309 0.838 0 0.005
0.31 0.318 0 0.005
0.31 0.384 0 0.005
0.311 0.533 0 0.005
0.311 0.685 0 0.005
0.312 0.153 0 0.005
0.312 0.308 0 0.005
0.312 0.553 0 0.005
0.312 0.644 0 0.005
0.312 0.737 0 0.005
0.313 0.0017435897435897436 0 0.005
0.313 0.048 0 0.005
0.313 0.199 0 0.005
0.313 0.279 0 0.005
0.314 0.674 0 0.005
0.315 0.977 0 0.005
0.316 0.123 0 0.005
0.317 0.237 0 0.005
0.317 0.329 0 0.005
0.318 0.138 0 0.005
0.318 0.435 0 0.005
0.318 0.866 0 0.005
0.318 0.899 0 0.005
0.318 0.964 0 0.005
0.319 0.163 0 0.005
0.319 0.413 0 0.005
0.319 0.881 0 0.005
0.319 0.995 0 0.005
0.32 0.35 0 0.005
0.32 0.464 0 0.005
0.32 0.503 0 0.005
0.32 0.614 0 0.005
0.32 0.916 0 0.005
0.321 0.175 0 0.005
0.321 0.316 0 0.005
0.322 0.096 0 0.005
0.322 0.516 0 0.005
0.322 0.53 0 0.005
0.322 0.591 0 0.005
0.322 0.68 0 0.005
0.323 0.477 0 0.005
0.323 0.853 0 0.005
0.324 0.114 0 0.005
0.324 0.25 0 0.005
0.324 0.658 0 0.005
0.325 0.007 0 0.005
0.325 0.187 0 0.005
0.325 0.266 0 0.005
0.325 0.293 0 0.005
0.325 0.381 0 0.005
0.326 0.025 0 0.005
0.326 0.812 0 0.005
0.327 0.705 0 0.005
0.329 0.355 0 0.005
0.329 0.771 0 0.005
0.33 0.336 0 0.005
0.33 0.922 0 0.005
0.329 0.0 0 0.005
0.331 0.751 0 0.005
0.332 0.285 0 0.005
0.332 0.44 0 0.005
0.333 0.3 0 0.005
0.333 0.374 0 0.005
0.333 0.463 0 0.005
0.333 0.892 0 0.005
0.333 0.902 0 0.005
0.334 0.205 0 0.005
0.334 0.9972564102564103 0 0.005
0.335 0.092 0 0.005
0.335 0.242 0 0.005
0.335 0.939 0 0.005
0.336 0.547 0 0.005
0.336 0.621 0 0.005
0.336 0.662 0 0.005
0.336 0.716 0 0.005
0.337 0.531 0 0.005
0.337 0.737 0 0.005
0.337 0.777 0 0.005
0.337 0.868 0 0.005
0.338 0.08 0 0.005
0.338 0.361 0 0.005
0.338 0.398 0 0.005
0.338 0.577 0 0.005
0.339 0.143 0 0.005
0.34 0.509 0 0.005
0.34 0.689 0 0.005
0.34 0.804 0 0.005
0.341 0.031 0 0.005
0.341 0.307 0 0.005
0.341 0.427 0 0.005
0.342 0.962 0 0.005
0.343 0.178 0 0.005
0.343 0.603 0 0.005
0.343 0.758 0 0.005
0.344 0.475 0 0.005
0.344 0.905 0 0.005
0.345 0.378 0 0.005
0.346 0.456 0 0.005
0.346 0.551 0 0.005
0.346 0.627 0 0.005
0.346 0.638 0 0.005
0.347 0.161 0 0.005
0.347 0.205 0 0.005
0.347 0.217 0 0.005
0.348 0.043 0 0.005
0.348 0.092 0 0.005
0.348 0.344 0 0.005
0.348 0.393 0 0.005
0.349 0.487 0 0.005
0.35 0.076 0 0.005
0.35 0.244 0 0.005
0.352 0.31 0 0.005
0.352 0.361 0 0.005
0.352 0.797 0 0.005
0.353 0.81 0 0.005
0.353 0.979 0 0.005
0.354 0.021 0 0.005
0.354 0.111 0 0.005
0.354 0.498 0 0.005
0.354 0.877 0 0.005
0.355 0.005 0 0.005
0.355 0.168 0 0.005
0.355 0.867 0 0.005
0.355 0.991 0 0.005
0.357 0.597 0 0.005
0.357 0.825 0 0.005
0.358 0.523 0 0.005
0.358 0.553 0 0.005
0.359 0.26 0 0.005
0.36 0.584 0 0.005
0.36 0.898 0 0.005
0.36 0.914 0 0.005
0.36 0.955 0 0.005
0.359 0.9985833333333334 0 0.005
0.361 0.286 0 0.005
0.363 0.701 0 0.005
0.363 0.729 0 0.005
0.364 0.069 0 0.005
0.364 0.101 0 0.005
0.364 0.123 0 0.005
0.364 0.196 0 0.005
0.365 0.338 0 0.005
0.365 0.633 0 0.005
0.366 0.186 0 0.005
0.366 0.387 0 0.005
0.367 0.033 0 0.005
0.367 0.297 0 0.005
0.367 0.602 0 0.005
0.367 0.839 0 0.005
0.368 0.398 0 0.005
0.368 0.537 0 0.005
0.368 0.688 0 0.005
0.369 0.0017435897435897436 0 0.005
0.369 0.112 0 0.005
0.369 0.479 0 0.005
0.369 0.567 0 0.005
0.369 0.785 0 0.005
0.369 0.978 0 0.005
0.369 0.996280701754386 0 0.005
0.37 0.05 0 0.005
0.37 0.816 0 0.005
0.371 0.435 0 0.005
0.372 0.363 0 0.005
0.372 0.422 0 0.005
0.372 0.555 0 0.005
0.372 0.671 0 0.005
0.372 0.77 0 0.005
0.373 0.074 0 0.005
0.373 0.212 0 0.005
0.373 0.223 0 0.005
0.373 0.72 0 0.005
0.374 0.145 0 0.005
0.374 0.594 0 0.005
0.374 0.87 0 0.005
0.375 0.459 0 0.005
0.376 0.352 0 0.005
0.376 0.915 0 0.005
0.377 0.09 0 0.005
0.378 0.187 0 0.005
0.378 0.274 0 0.005
0.378 0.697 0 0.005
0.379 0.387 0 0.005
0.38 0.429 0 0.005
0.38 0.818 0 0.005
0.38 0.883 0 0.005
0.38 0.927 0 0.005
0.38 0.982 0 0.005
0.381 0.684 0 0.005
0.381 0.851 0 0.005
0.382 0.731 0 0.005
0.382 0.831 0 0.005
0.383 0.25 0 0.005
0.383 0.36 0 0.005
0.384 0.139 0 0.005
0.384 0.314 0 0.005
0.385 0.098 0 0.005
0.385 0.124 0 0.005
0.385 0.239 0 0.005
0.385 0.578 0 0.005
0.386 0.532 0 0.005
0.387 0.054 0 0.005
0.387 0.069 0 0.005
0.387 0.269 0 0.005
0.387 0.402 0 0.005
0.387 0.761 0 0.005
0.387 0.905 0 0.005
0.388 0.227 0 0.005
0.388 0.459 0 0.005
0.388 0.74 0 0.005
0.389 0.175 0 0.005
0.389 0.201 0 0.005
0.389 0.934 0 0.005
0.389 0.962 0 0.005
0.39 0.022 0 0.005
0.39 0.472 0 0.005
0.391 0.08 0 0.005
0.391 0.257 0 0.005
0.391 0.285 0 0.005
0.391 0.706 0 0.005
0.392 0.78 0 0.005
0.394 0.297 0 0.005
0.394 0.521 0 0.005
0.394 0.564 0 0.005
0.395 0.363 0 0.005
0.396 0.036 0 0.005
0.396 0.103 0 0.005
0.396 0.152 0 0.005
0.396 0.502 0 0.005
0.397 0.42 0 0.005
0.397 0.538 0 0.005
0.397 0.608 0 0.005
0.397 0.732 0 0.005
0.397 0.0004166666666666667 0 0.005
0.398 0.407 0 0.005
0.398 0.716 0 0.005
0.399 0.268 0 0.005
0.399 0.333 0 0.005
0.399 0.344 0 0.005
0.399 0.755 0 0.005
0.399 0.894 0 0.005
0.4 0.436 0 0.005
0.4 0.906 0 0.005
0.401 0.183 0 0.005
0.401 0.239 0 0.005
0.401 0.583 0 0.005
0.401 0.666 0 0.005
0.402 0.085 0 0.005
0.402 0.87 0 0.005
0.403 0.136 0 0.005
0.403 0.836 0 0.005
0.403 0.93 0 0.005
0.403 0.978 0 0.005
0.404 0.022 0 0.005
0.405 0.114 0 0.005
0.405 0.572 0 0.005
0.405 0.681 0 0.005
0.406 0.075 0 0.005
0.407 0.354 0 0.005
0.408 0.206 0 0.005
0.409 0.42 0 0.005
0.409 0.447 0 0.005
0.409 0.809 0 0.005
0.41 0.252 0 0.005
0.41 0.277 0 0.005
0.41 0.612 0 0.005
0.41 0.752 0 0.005
0.41 0.789 0 0.005
0.408 0.999 0 0.005
0.411 0.86 0 0.005
0.412 0.172 0 0.005
0.412 0.637 0 0.005
0.412 0.922 0 0.005
0.412 0.971 0 0.005
0.413 0.711 0 0.005
0.414 0.085 0 0.005
0.415 0.03 0 0.005
0.415 0.376 0 0.005
0.415 0.769 0 0.005
0.416 0.798 0 0.005
0.416 0.942 0 0.005
0.416 0.985 0 0.005
0.417 0.099 0 0.005
0.417 0.133 0 0.005
0.417 0.187 0 0.005
0.417 0.238 0 0.005
0.417 0.677 0 0.005
0.417 0.836 0 0.005
0.417 0.892 0 0.005
0.418 0.484 0 0.005
0.418 0.524 0 0.005
0.418 0.539 0 0.005
0.418 0.819 0 0.005
0.418 0.908 0 0.005
0.419 0.422 0 0.005
0.42 0.353 0 0.005
0.42 0.628 0 0.005
0.421 0.155 0 0.005
0.421 0.321 0 0.005
0.421 0.558 0 0.005
0.421 0.59 0 0.005
0.421 0.742 0 0.005
0.422 0.166 0 0.005
0.422 0.259 0 0.005
0.423 0.042 0 0.005
0.424 0.084 0 0.005
0.424 0.501 0 0.005
0.424 0.611 0 0.005
0.424 0.645 0 0.005
0.424 0.882 0 0.005
0.425 0.473 0 0.005
0.425 0.693 0 0.005
0.426 0.122 0 0.005
0.426 0.375 0 0.005
0.426 0.454 0 0.005
0.427 0.293 0 0.005
0.427 0.944 0 0.005
0.428 0.027 0 0.005
0.429 0.755 0 0.005
0.43 0.196 0 0.005
0.43 0.253 0 0.005
0.43 0.306 0 0.005
0.43 0.728 0 0.005
0.43 0.794 0 0.005
0.428 0.999 0 0.005
0.431 0.353 0 0.005
0.431 0.93 0 0.005
0.432 0.131 0 0.005
0.432 0.0004166666666666667 0 0.005
0.433 0.57 0 0.005
0.433 0.82 0 0.005
0.433 0.973 0 0.005
0.434 0.879 0 0.005
0.434 0.916 0 0.005
0.435 0.32 0 0.005
0.435 0.449 0 0.005
0.435 0.651 0 0.005
0.435 0.692 0 0.005
0.437 0.212 0 0.005
0.437 0.245 0 0.005
0.437 0.899 0 0.005
0.438 0.437 0 0.005
0.438 0.503 0 0.005
0.438 0.606 0 0.005
0.439 0.118 0 0.005
0.439 0.266 0 0.005
0.439 0.481 0 0.005
0.439 0.672 0 0.005
0.44 0.586 0 0.005
0.441 0.547 0 0.005
0.442 0.888 0 0.005
0.443 0.868 0 0.005
0.444 0.052 0 0.005
0.444 0.308 0 0.005
0.444 0.748 0 0.005
0.444 0.779 0 0.005
0.445 0.081 0 0.005
0.445 0.11 0 0.005
0.445 0.53 0 0.005
0.445 0.685 0 0.005
0.445 0.941 0 0.005
0.445 0.992 0 0.005
0.446 0.026 0 0.005
0.446 0.459 0 0.005
0.446 0.649 0 0.005
0.447 0.574 0 0.005
0.448 0.758 0 0.005
0.448 0.794 0 0.005
0.449 0.149 0 0.005
0.449 0.248 0 0.005
0.449 0.286 0 0.005
0.449 0.349 0 0.005
0.45 0.008 0 0.005
0.45 0.043 0 0.005
0.45 0.614 0 0.005
0.45 0.735 0 0.005
0.45 0.819 0 0.005
0.451 0.167 0 0.005
0.451 0.366 0 0.005
0.451 0.384 0 0.005
0.451 0.397 0 0.005
0.451 0.54 0 0.005
0.452 0.06 0 0.005
0.452 0.52 0 0.005
0.453 0.904 0 0.005
0.454 0.98 0 0.005
0.455 0.327 0 0.005
0.455 0.588 0 0.005
0.457 0.22 0 0.005
0.457 0.264 0 0.005
0.457 0.431 0 0.005
0.457 0.763 0 0.005
0.457 0.778 0 0.005
0.457 0.99 0 0.005
0.459 0.564 0 0.005
0.459 0.915 0 0.005
0.46 0.206 0 0.005
0.46 0.302 0 0.005
0.46 0.409 0 0.005
0.46 0.833 0 0.005
0.46 0.946 0 0.005
0.463 0.524 0 0.005
0.463 0.604 0 0.005
0.463 0.674 0 0.005
0.463 0.901 0 0.005
0.463 0.934 0 0.005
0.464 0.337 0 0.005
0.464 0.359 0 0.005
0.464 0.372 0 0.005
0.464 0.574 0 0.005
0.464 0.662 0 0.005
0.464 0.714 0 0.005
0.465 0.098 0 0.005
0.465 0.799 0 0.005
0.466 0.0017435897435897436 0 0.005
0.466 0.062 0 0.005
0.466 0.225 0 0.005
0.467 0.085 0 0.005
0.467 0.439 0 0.005
0.468 0.132 0 0.005
0.468 0.192 0 0.005
0.468 0.212 0 0.005
0.468 0.286 0 0.005
0.468 0.401 0 0.005
0.468 0.737 0 0.005
0.468 0.873 0 0.005
0.469 0.54 0 0.005
0.469 0.771 0 0.005
0.47 0.172 0 0.005
0.47 0.479 0 0.005
0.471 0.425 0 0.005
0.471 0.449 0 0.005
0.471 0.498 0 0.005
0.471 0.557 0 0.005
0.471 0.984 0 0.005
0.473 0.808 0 0.005
0.473 0.951 0 0.005
0.473 0.966 0 0.005
0.474 0.259 0 0.005
0.474 0.342 0 0.005
0.474 0.518 0 0.005
0.474 0.581 0 0.005
0.474 0.605 0 0.005
0.474 0.862 0 0.005
0.474 0.912 0 0.005
0.476 0.331 0 0.005
0.477 0.16 0 0.005
0.477 0.186 0 0.005
0.477 0.223 0 0.005
0.477 0.295 0 0.005
0.477 0.467 0 0.005
0.477 0.669 0 0.005
0.477 0.848 0 0.005
0.478 0.317 0 0.005
0.478 0.757 0 0.005
0.478 0.777 0 0.005
0.479 0.013 0 0.005
0.479 0.202 0 0.005
0.479 0.729 0 0.005
0.48 0.369 0 0.005
0.48 0.387 0 0.005
0.48 0.705 0 0.005
0.481 0.275 0 0.005
0.481 0.418 0 0.005
0.482 0.06 0 0.005
0.482 0.401 0 0.005
0.482 0.575 0 0.005
0.482 0.587 0 0.005
0.482 0.826 0 0.005
0.483 0.141 0 0.005
0.483 0.491 0 0.005
0.483 0.543 0 0.005
0.483 0.564 0 0.005
0.483 0.686 0 0.005
0.483 0.935 0 0.005
0.483 0.947 0 0.005
0.484 0.031 0 0.005
0.484 0.168 0 0.005
0.484 0.242 0 0.005
0.484 0.501 0 0.005
0.485 0.836 0 0.005
0.486 0.339 0 0.005
0.486 0.741 0 0.005
0.487 0.918 0 0.005
0.488 0.083 0 0.005
0.488 0.217 0 0.005
0.488 0.617 0 0.005
0.489 0.316 0 0.005
0.489 0.431 0 0.005
0.489 0.46 0 0.005
0.489 0.524 0 0.005
0.489 0.604 0 0.005
0.489 0.644 0 0.005
0.49 0.115 0 0.005
0.49 0.812 0 0.005
0.491 0.994 0 0.005
0.492 0.395 0 0.005
0.492 0.415 0 0.005
0.492 0.73 0 0.005
0.492 0.782 0 0.005
0.493 0.0008095238095238096 0 0.005
0.493 0.56 0 0.005
0.494 0.273 0 0.005
0.494 0.755 0 0.005
0.495 0.017 0 0.005
0.495 0.096 0 0.005
0.495 0.683 0 0.005
0.495 0.967 0 0.005
0.496 0.148 0 0.005
0.496 0.469 0 0.005
0.496 0.483 0 0.005
0.496 0.516 0 0.005
0.497 0.187 0 0.005
0.497 0.339 0 0.005
0.498 0.062 0 0.005
0.499 0.204 0 0.005
0.499 0.38 0 0.005
0.499 0.546 0 0.005
0.5 0.501 0 0.005
0.5 0.7 0 0.005
0.5 0.813 0 0.005
0.499 0.9985833333333334 0 0.005
0.501 0.162 0 0.005
0.501 0.436 0 0.005
0.501 0.745 0 0.005
0.501 0.797 0 0.005
0.501 0.866 0 0.005
0.501 0.931 0 0.005
0.502 0.298 0 0.005
0.502 0.391 0 0.005
0.502 0.774 0 0.005
0.503 0.036 0 0.005
0.503 0.243 0 0.005
0.503 0.527 0 0.005
0.503 0.959 0 0.005
0.504 0.046 0 0.005
0.504 0.309 0 0.005
0.504 0.411 0 0.005
0.504 0.617 0 0.005
0.505 0.595 0 0.005
0.505 0.72 0 0.005
0.505 0.89 0 0.005
0.506 0.573 0 0.005
0.506 0.605 0 0.005
0.506 0.836 0 0.005
0.507 0.19 0 0.005
0.507 0.269 0 0.005
0.507 0.562 0 0.005
0.507 0.85 0 0.005
0.508 0.686 0 0.005
0.509 0.337 0 0.005
0.509 0.542 0 0.005
0.509 0.907 0 0.005
0.51 0.143 0 0.005
0.51 0.377 0 0.005
0.51 0.421 0 0.005
0.51 0.479 0 0.005
0.511 0.98 0 0.005
0.512 0.28 0 0.005
0.512 0.67 0 0.005
0.512 0.71 0 0.005
0.513 0.039 0 0.005
0.513 0.113 0 0.005
0.514 0.098 0 0.005
0.514 0.173 0 0.005
0.514 0.782 0 0.005
0.514 0.829 0 0.005
0.514 0.87 0 0.005
0.514 0.952 0 0.005
0.515 0.062 0 0.005
0.515 0.248 0 0.005
0.515 0.514 0 0.005
0.516 0.076 0 0.005
0.516 0.232 0 0.005
0.516 0.642 0 0.005
0.517 0.465 0 0.005
0.517 0.765 0 0.005
0.518 0.012 0 0.005
0.518 0.344 0 0.005
0.518 0.809 0 0.005
0.519 0.133 0 0.005
0.519 0.656 0 0.005
0.519 0.755 0 0.005
0.52 0.307 0 0.005
0.52 0.587 0 0.005
0.52 0.85 0 0.005
0.52 0.918 0 0.005
0.52 0.944 0 0.005
0.521 0.689 0 0.005
0.522 0.61 0 0.005
0.522 0.9977333333333334 0 0.005
0.523 0.22 0 0.005
0.524 0.827 0 0.005
0.525 0.248 0 0.005
0.525 0.438 0 0.005
0.525 0.51 0 0.005
0.526 0.481 0 0.005
0.526 0.544 0 0.005
0.526 0.676 0 0.005
0.526 0.837 0 0.005
0.527 0.491 0 0.005
0.528 0.229 0 0.005
0.528 0.454 0 0.005
0.528 0.717 0 0.005
0.529 0.007 0 0.005
0.529 0.149 0 0.005
0.529 0.172 0 0.005
0.529 0.184 0 0.005
0.53 0.052 0 0.005
0.53 0.082 0 0.005
0.53 0.877 0 0.005
0.53 0.982 0 0.005
0.531 0.096 0 0.005
0.531 0.732 0 0.005
0.532 0.32 0 0.005
0.532 0.817 0 0.005
0.533 0.385 0 0.005
0.535 0.022 0 0.005
0.535 0.685 0 0.005
0.535 0.766 0 0.005
0.536 0.841 0 0.005
0.537 0.262 0 0.005
0.537 0.701 0 0.005
0.538 0.159 0 0.005
0.538 0.201 0 0.005
0.538 0.948 0 0.005
0.539 0.335 0 0.005
0.539 0.496 0 0.005
0.539 0.635 0 0.005
0.54 0.248 0 0.005
0.54 0.564 0 0.005
0.54 0.755 0 0.005
0.54 0.961 0 0.005
0.541 0.038 0 0.005
0.541 0.672 0 0.005
0.541 0.799 0 0.005
0.542 0.416 0 0.005
0.542 0.456 0 0.005
0.543 0.145 0 0.005
0.544 0.523 0 0.005
0.545 0.483 0 0.005
0.545 0.827 0 0.005
0.546 0.598 0 0.005
0.546 0.657 0 0.005
0.547 0.007 0 0.005
0.547 0.406 0 0.005
0.547 0.715 0 0.005
0.547 0.725 0 0.005
0.548 0.305 0 0.005
0.548 0.892 0 0.005
0.549 0.158 0 0.005
0.549 0.51 0 0.005
0.55 0.052 0 0.005
0.55 0.373 0 0.005
0.55 0.69 0 0.005
0.55 0.9956875 0 0.005
0.551 0.109 0 0.005
0.551 0.978 0 0.005
0.552 0.019 0 0.005
0.552 0.065 0 0.005
0.552 0.099 0 0.005
0.552 0.226 0 0.005
0.552 0.261 0 0.005
0.552 0.679 0 0.005
0.552 0.84 0 0.005
0.553 0.349 0 0.005
0.553 0.538 0 0.005
0.553 0.793 0 0.005
0.554 0.647 0 0.005
0.555 0.031 0 0.005
0.555 0.132 0 0.005
0.555 0.43 0 0.005
0.555 0.486 0 0.005
0.555 0.871 0 0.005
0.555 0.913 0 0.005
0.554 0.0 0 0.005
0.557 0.326 0 0.005
0.557 0.716 0 0.005
0.557 0.923 0 0.005
0.558 0.166 0 0.005
0.558 0.302 0 0.005
0.558 0.387 0 0.005
0.559 0.234 0 0.005
0.559 0.291 0 0.005
0.559 0.476 0 0.005
0.559 0.893 0 0.005
0.56 0.59 0 0.005
0.561 0.106 0 0.005
0.561 0.57 0 0.005
0.562 0.187 0 0.005
0.562 0.268 0 0.005
0.562 0.984 0 0.005
0.563 0.4 0 0.005
0.563 0.728 0 0.005
0.563 0.957 0 0.005
0.562 0.9985833333333334 0 0.005
0.564 0.97 0 0.005
0.565 0.04 0 0.005
0.565 0.461 0 0.005
0.565 0.693 0 0.005
0.566 0.004 0 0.005
0.566 0.659 0 0.005
0.566 0.745 0 0.005
0.567 0.218 0 0.005
0.567 0.831 0 0.005
0.568 0.028 0 0.005
0.569 0.071 0 0.005
0.569 0.327 0 0.005
0.569 0.56 0 0.005
0.569 0.801 0 0.005
0.569 0.9 0 0.005
0.57 0.416 0 0.005
0.57 0.607 0 0.005
0.57 0.643 0 0.005
0.57 0.786 0 0.005
0.57 0.882 0 0.005
0.571 0.923 0 0.005
0.571 0.991 0 0.005
0.572 0.292 0 0.005
0.573 0.237 0 0.005
0.573 0.269 0 0.005
0.573 0.366 0 0.005
0.573 0.542 0 0.005
0.573 0.719 0 0.005
0.573 0.729 0 0.005
0.574 0.345 0 0.005
0.574 0.442 0 0.005
0.574 0.573 0 0.005
0.574 0.866 0 0.005
0.575 0.395 0 0.005
0.575 0.633 0 0.005
0.575 0.837 0 0.005
0.576 0.408 0 0.005
0.576 0.663 0 0.005
0.577 0.094 0 0.005
0.577 0.382 0 0.005
0.578 0.158 0 0.005
0.578 0.596 0 0.005
0.578 0.708 0 0.005
0.578 0.754 0 0.005
0.578 0.85 0 0.005
0.578 0.9981904761904762 0 0.005
0.579 0.121 0 0.005
0.579 0.261 0 0.005
0.579 0.421 0 0.005
0.579 0.961 0 0.005
0.58 0.177 0 0.005
0.58 0.463 0 0.005
0.58 0.781 0 0.005
0.581 0.304 0 0.005
0.581 0.793 0 0.005
0.581 0.807 0 0.005
0.582 0.617 0 0.005
0.583 0.477 0 0.005
0.583 0.535 0 0.005
0.583 0.651 0 0.005
0.583 0.876 0 0.005
0.583 0.911 0 0.005
0.584 0.862 0 0.005
0.585 0.204 0 0.005
0.585 0.285 0 0.005
0.585 0.739 0 0.005
0.587 0.063 0 0.005
0.587 0.084 0 0.005
0.587 0.246 0 0.005
0.587 0.383 0 0.005
0.587 0.603 0 0.005
0.588 0.234 0 0.005
0.589 0.038 0 0.005
0.589 0.094 0 0.005
0.59 0.635 0 0.005
0.59 0.662 0 0.005
0.591 0.018 0 0.005
0.591 0.752 0 0.005
0.591 0.963 0 0.005
0.592 0.193 0 0.005
0.592 0.332 0 0.005
0.592 0.551 0 0.005
0.592 0.816 0 0.005
0.592 0.923 0 0.005
0.593 0.114 0 0.005
0.593 0.718 0 0.005
0.594 0.256 0 0.005
0.594 0.439 0 0.005
0.594 0.456 0 0.005
0.594 0.474 0 0.005
0.595 0.28 0 0.005
0.595 0.293 0 0.005
0.595 0.418 0 0.005
0.595 0.541 0 0.005
0.596 0.207 0 0.005
0.597 0.131 0 0.005
0.597 0.168 0 0.005
0.597 0.181 0 0.005
0.597 0.588 0 0.005
0.597 0.839 0 0.005
0.598 0.05 0 0.005
0.598 0.154 0 0.005
0.598 0.238 0 0.005
0.598 0.505 0 0.005
0.598 0.516 0 0.005
0.598 0.946 0 0.005
0.599 0.097 0 0.005
0.599 0.6 0 0.005
0.599 0.888 0 0.005
0.601 0.808 0 0.005
0.601 0.858 0 0.005
0.601 0.874 0 0.005
0.602 0.629 0 0.005
0.602 0.92 0 0.005
0.603 0.686 0 0.005
0.603 0.969 0 0.005
0.604 0.705 0 0.005
0.604 0.727 0 0.005
0.604 0.792 0 0.005
0.605 0.071 0 0.005
0.605 0.349 0 0.005
0.606 0.431 0 0.005
0.606 0.956 0 0.005
0.607 0.385 0 0.005
0.607 0.669 0 0.005
0.608 0.25 0 0.005
0.608 0.36 0 0.005
0.608 0.405 0 0.005
0.608 0.768 0 0.005
0.608 0.832 0 0.005
0.609 0.142 0 0.005
0.609 0.271 0 0.005
0.609 0.545 0 0.005
0.609 0.579 0 0.005
0.609 0.843 0 0.005
0.61 0.53 0 0.005
0.61 0.782 0 0.005
0.611 0.326 0 0.005
0.611 0.863 0 0.005
0.612 0.199 0 0.005
0.612 0.395 0 0.005
0.612 0.805 0 0.005
0.612 0.897 0 0.005
0.613 0.11 0 0.005
0.613 0.338 0 0.005
0.613 0.567 0 0.005
0.613 0.606 0 0.005
0.613 0.873 0 0.005
0.614 0.315 0 0.005
0.615 0.051 0 0.005
0.616 0.04 0 0.005
0.616 0.121 0 0.005
0.616 0.131 0 0.005
0.616 0.163 0 0.005
0.616 0.957 0 0.005
0.617 0.675 0 0.005
0.617 0.7 0 0.005
0.617 0.711 0 0.005
0.617 0.721 0 0.005
0.618 0.088 0 0.005
0.618 0.301 0 0.005
0.618 0.448 0 0.005
0.619 0.241 0 0.005
0.619 0.649 0 0.005
0.62 0.0033125 0 0.005
0.62 0.41 0 0.005
0.62 0.857 0 0.005
0.621 0.098 0 0.005
0.621 0.289 0 0.005
0.621 0.634 0 0.005
0.622 0.182 0 0.005
0.622 0.221 0 0.005
0.622 0.544 0 0.005
0.623 0.143 0 0.005
0.623 0.338 0 0.005
0.623 0.351 0 0.005
0.623 0.377 0 0.005
0.623 0.51 0 0.005
0.623 0.774 0 0.005
0.623 0.817 0 0.005
0.623 0.937 0 0.005
0.624 0.398 0 0.005
0.624 0.427 0 0.005
0.624 0.489 0 0.005
0.625 0.046 0 0.005
0.625 0.793 0 0.005
0.626 0.061 0 0.005
0.626 0.071 0 0.005
0.626 0.367 0 0.005
0.626 0.659 0 0.005
0.626 0.995 0 0.005
0.627 0.248 0 0.005
0.627 0.281 0 0.005
0.628 0.3 0 0.005
0.628 0.959 0 0.005
0.63 0.0008095238095238096 0 0.005
0.63 0.013 0 0.005
0.63 0.744 0 0.005
0.631 0.095 0 0.005
0.631 0.174 0 0.005
0.631 0.237 0 0.005
0.631 0.576 0 0.005
0.632 0.328 0 0.005
0.632 0.554 0 0.005
0.632 0.762 0 0.005
0.632 0.97 0 0.005
0.633 0.039 0 0.005
0.633 0.185 0 0.005
0.633 0.261 0 0.005
0.633 0.522 0 0.005
0.633 0.931 0 0.005
0.634 0.638 0 0.005
0.634 0.874 0 0.005
0.635 0.451 0 0.005
0.635 0.693 0 0.005
0.635 0.863 0 0.005
0.636 0.059 0 0.005
0.636 0.142 0 0.005
0.636 0.165 0 0.005
0.636 0.543 0 0.005
0.636 0.658 0 0.005
0.636 0.843 0 0.005
0.636 0.983 0 0.005
0.637 0.128 0 0.005
0.637 0.152 0 0.005
0.637 0.589 0 0.005
0.637 0.648 0 0.005
0.638 0.671 0 0.005
0.638 0.716 0 0.005
0.638 0.773 0 0.005
0.638 0.893 0 0.005
0.638 0.922 0 0.005
0.639 0.512 0 0.005
0.639 0.734 0 0.005
0.639 0.824 0 0.005
0.64 0.083 0 0.005
0.641 0.192 0 0.005
0.641 0.281 0 0.005
0.641 0.579 0 0.005
0.641 0.612 0 0.005
0.643 0.207 0 0.005
0.643 0.49 0 0.005
0.643 0.797 0 0.005
0.644 0.31 0 0.005
0.644 0.852 0 0.005
0.644 0.965 0 0.005
0.646 0.222 0 0.005
0.646 0.257 0 0.005
0.646 0.814 0 0.005
0.646 0.939 0 0.005
0.647 0.62 0 0.005
0.647 0.634 0 0.005
0.647 0.781 0 0.005
0.647 0.954 0 0.005
0.648 0.064 0 0.005
0.648 0.717 0 0.005
0.649 0.159 0 0.005
0.649 0.602 0 0.005
0.649 0.895 0 0.005
0.65 0.542 0 0.005
0.651 0.174 0 0.005
0.651 0.288 0 0.005
0.651 0.462 0 0.005
0.652 0.447 0 0.005
0.652 0.483 0 0.005
0.652 0.515 0 0.005
0.653 0.041 0 0.005
0.653 0.098 0 0.005
0.653 0.136 0 0.005
0.653 0.38 0 0.005
0.653 0.994 0 0.005
0.654 0.841 0 0.005
0.655 0.567 0 0.005
0.655 0.614 0 0.005
0.655 0.699 0 0.005
0.656 0.012 0 0.005
0.656 0.302 0 0.005
0.656 0.739 0 0.005
0.656 0.932 0 0.005
0.657 0.126 0 0.005
0.657 0.189 0 0.005
0.657 0.279 0 0.005
0.657 0.348 0 0.005
0.657 0.434 0 0.005
0.657 0.627 0 0.005
0.657 0.68 0 0.005
0.657 0.888 0 0.005
0.659 0.152 0 0.005
0.659 0.754 0 0.005
0.659 0.943 0 0.005
0.66 0.313 0 0.005
0.661 0.798 0 0.005
0.662 0.089 0 0.005
0.662 0.224 0 0.005
0.662 0.479 0 0.005
0.663 0.557 0 0.005
0.663 0.767 0 0.005
0.663 0.825 0 0.005
0.664 0.542 0 0.005
0.664 0.586 0 0.005
0.665 0.199 0 0.005
0.665 0.336 0 0.005
0.665 0.494 0 0.005
0.666 0.01 0 0.005
0.666 0.072 0 0.005
0.666 0.421 0 0.005
0.666 0.605 0 0.005
0.667 0.021 0 0.005
0.667 0.291 0 0.005
0.668 0.892 0 0.005
0.669 0.128 0 0.005
0.669 0.464 0 0.005
0.669 0.647 0 0.005
0.669 0.696 0 0.005
0.669 0.725 0 0.005
0.669 0.859 0 0.005
0.67 0.256 0 0.005
0.67 0.436 0 0.005
0.67 0.625 0 0.005
0.671 0.32 0 0.005
0.671 0.902 0 0.005
0.672 0.0012666666666666666 0 0.005
0.672 0.781 0 0.005
0.673 0.58 0 0.005
0.673 0.982 0 0.005
0.674 0.081 0 0.005
0.674 0.304 0 0.005
0.674 0.357 0 0.005
0.674 0.805 0 0.005
0.675 0.688 0 0.005
0.675 0.97 0 0.005
0.676 0.497 0 0.005
0.676 0.563 0 0.005
0.676 0.633 0 0.005
0.676 0.771 0 0.005
0.676 0.924 0 0.005
0.677 0.042 0 0.005
0.677 0.865 0 0.005
0.678 0.116 0 0.005
0.678 0.273 0 0.005
0.678 0.511 0 0.005
0.678 0.844 0 0.005
0.679 0.059 0 0.005
0.68 0.031 0 0.005
0.68 0.607 0 0.005
0.681 0.147 0 0.005
0.681 0.18 0 0.005
0.681 0.379 0 0.005
0.681 0.417 0 0.005
0.681 0.758 0 0.005
0.683 0.195 0 0.005
0.683 0.834 0 0.005
0.685 0.248 0 0.005
0.685 0.991 0 0.005
0.686 0.051 0 0.005
0.686 0.137 0 0.005
0.686 0.167 0 0.005
0.686 0.444 0 0.005
0.686 0.541 0 0.005
0.687 0.498 0 0.005
0.687 0.739 0 0.005
0.687 0.876 0 0.005
0.687 0.943 0 0.005
0.688 0.076 0 0.005
0.688 0.277 0 0.005
0.688 0.332 0 0.005
0.688 0.531 0 0.005
0.688 0.63 0 0.005
0.689 0.784 0 0.005
0.689 0.847 0 0.005
0.689 0.977 0 0.005
0.69 0.227 0 0.005
0.69 0.342 0 0.005
0.69 0.405 0 0.005
0.69 0.568 0 0.005
0.69 0.6 0 0.005
0.69 0.673 0 0.005
0.69 0.692 0 0.005
0.691 0.014 0 0.005
0.691 0.293 0 0.005
0.691 0.824 0 0.005
0.692 0.418 0 0.005
0.692 0.458 0 0.005
0.693 0.318 0 0.005
0.693 0.9977333333333334 0 0.005
0.694 0.909 0 0.005
0.696 0.202 0 0.005
0.696 0.37 0 0.005
0.696 0.763 0 0.005
0.697 0.591 0 0.005
0.697 0.662 0 0.005
0.697 0.798 0 0.005
0.697 0.929 0 0.005
0.698 0.11 0 0.005
0.698 0.488 0 0.005
0.699 0.309 0 0.005
0.699 0.719 0 0.005
0.7 0.278 0 0.005
0.7 0.436 0 0.005
0.7 0.614 0 0.005
0.701 0.887 0 0.005
0.702 0.067 0 0.005
0.702 0.187 0 0.005
0.702 0.228 0 0.005
0.702 0.258 0 0.005
0.702 0.296 0 0.005
0.702 0.78 0 0.005
0.702 0.975 0 0.005
0.703 0.03 0 0.005
0.703 0.137 0 0.005
0.703 0.549 0 0.005
0.703 0.639 0 0.005
0.703 0.733 0 0.005
0.703 0.843 0 0.005
0.703 0.954 0 0.005
0.704 0.175 0 0.005
0.704 0.416 0 0.005
0.704 0.995 0 0.005
0.706 0.019 0 0.005
0.706 0.084 0 0.005
0.706 0.327 0 0.005
0.707 0.426 0 0.005
0.707 0.519 0 0.005
0.707 0.921 0 0.005
0.708 0.577 0 0.005
0.709 0.041 0 0.005
0.709 0.497 0 0.005
0.709 0.532 0 0.005
0.709 0.794 0 0.005
0.71 0.198 0 0.005
0.71 0.375 0 0.005
0.711 0.439 0 0.005
0.711 0.595 0 0.005
0.712 0.098 0 0.005
0.712 0.677 0 0.005
0.712 0.813 0 0.005
0.712 0.935 0 0.005
0.713 0.0017435897435897436 0 0.005
0.713 0.873 0 0.005
0.714 0.012 0 0.005
0.714 0.156 0 0.005
0.714 0.76 0 0.005
0.714 0.785 0 0.005
0.714 0.829 0 0.005
0.714 0.859 0 0.005
0.714 0.893 0 0.005
0.715 0.234 0 0.005
0.715 0.334 0 0.005
0.715 0.719 0 0.005
0.715 0.741 0 0.005
0.716 0.267 0 0.005
0.716 0.308 0 0.005
0.716 0.638 0 0.005
0.716 0.656 0 0.005
0.716 0.961 0 0.005
0.717 0.521 0 0.005
0.717 0.696 0 0.005
0.717 0.845 0 0.005
0.718 0.355 0 0.005
0.718 0.387 0 0.005
0.718 0.473 0 0.005
0.719 0.115 0 0.005
0.72 0.345 0 0.005
0.72 0.458 0 0.005
0.72 0.772 0 0.005
0.72 0.909 0 0.005
0.721 0.435 0 0.005
0.722 0.147 0 0.005
0.723 0.087 0 0.005
0.723 0.326 0 0.005
0.723 0.415 0 0.005
0.723 0.541 0 0.005
0.723 0.573 0 0.005
0.724 0.81 0 0.005
0.724 0.855 0 0.005
0.725 0.296 0 0.005
0.725 0.527 0 0.005
0.726 0.013 0 0.005
0.726 0.374 0 0.005
0.726 0.626 0 0.005
0.726 0.655 0 0.005
0.726 0.671 0 0.005
0.727 0.245 0 0.005
0.729 0.551 0 0.005
0.729 0.644 0 0.005
0.729 0.739 0 0.005
0.729 0.917 0 0.005
0.73 0.444 0 0.005
0.73 0.502 0 0.005
0.73 0.729 0 0.005
0.73 0.8 0 0.005
0.73 0.945 0 0.005
0.731 0.932 0 0.005
0.731 0.969 0 0.005
0.732 0.708 0 0.005
0.733 0.143 0 0.005
0.733 0.689 0 0.005
0.734 0.071 0 0.005
0.734 0.226 0 0.005
0.734 0.348 0 0.005
0.734 0.541 0 0.005
0.735 0.211 0 0.005
0.735 0.615 0 0.005
0.736 0.166 0 0.005
0.736 0.524 0 0.005
0.737 0.115 0 0.005
0.737 0.156 0 0.005
0.737 0.903 0 0.005
0.738 0.126 0 0.005
0.738 0.199 0 0.005
0.738 0.46 0 0.005
0.739 0.047 0 0.005
0.739 0.188 0 0.005
0.739 0.286 0 0.005
0.739 0.59 0 0.005
0.74 0.558 0 0.005
0.74 0.884 0 0.005
0.741 0.413 0 0.005
0.741 0.811 0 0.005
0.742 0.256 0 0.005
0.743 0.334 0 0.005
0.744 0.642 0 0.005
0.744 0.924 0 0.005
0.745 0.567 0 0.005
0.745 0.617 0 0.005
0.746 0.004 0 0.005
0.746 0.306 0 0.005
0.746 0.983 0 0.005
0.748 0.867 0 0.005
0.749 0.525 0 0.005
0.75 0.349 0 0.005
0.75 0.705 0 0.005
0.75 0.844 0 0.005
0.75 0.894 0 0.005
0.751 0.205 0 0.005
0.751 0.284 0 0.005
0.751 0.607 0 0.005
0.751 0.748 0 0.005
0.751 0.798 0 0.005
0.752 0.07 0 0.005
0.752 0.442 0 0.005
0.752 0.675 0 0.005
0.753 0.125 0 0.005
0.753 0.332 0 0.005
0.753 0.395 0 0.005
0.753 0.765 0 0.005
0.753 0.965 0 0.005
0.754 0.3 0 0.005
0.754 0.494 0 0.005
0.754 0.722 0 0.005
0.754 0.953 0 0.005
0.755 0.505 0 0.005
0.755 0.582 0 0.005
0.755 0.911 0 0.005
0.756 0.007 0 0.005
0.756 0.092 0 0.005
0.757 0.061 0 0.005
0.757 0.451 0 0.005
0.757 0.55 0 0.005
0.757 0.665 0 0.005
0.757 0.981 0 0.005
0.758 0.565 0 0.005
0.759 0.189 0 0.005
0.759 0.223 0 0.005
0.759 0.318 0 0.005
0.759 0.867 0 0.005
0.76 0.036 0 0.005
0.76 0.419 0 0.005
0.761 0.079 0 0.005
0.761 0.154 0 0.005
0.761 0.606 0 0.005
0.761 0.81 0 0.005
0.762 0.59 0 0.005
0.762 0.643 0 0.005
0.763 0.264 0 0.005
0.764 0.473 0 0.005
0.764 0.949 0 0.005
0.765 0.238 0 0.005
0.765 0.357 0 0.005
0.765 0.748 0 0.005
0.766 0.005 0 0.005
0.766 0.878 0 0.005
0.766 0.905 0 0.005
0.767 0.573 0 0.005
0.767 0.771 0 0.005
0.767 0.989 0 0.005
0.769 0.099 0 0.005
0.769 0.385 0 0.005
0.769 0.662 0 0.005
0.77 0.159 0 0.005
0.77 0.275 0 0.005
0.77 0.429 0 0.005
0.77 0.448 0 0.005
0.77 0.508 0 0.005
0.77 0.617 0 0.005
0.771 0.11 0 0.005
0.771 0.711 0 0.005
0.772 0.184 0 0.005
0.772 0.21 0 0.005
0.772 0.647 0 0.005
0.772 0.836 0 0.005
0.771 0.9985833333333334 0 0.005
0.773 0.913 0 0.005
0.774 0.859 0 0.005
0.775 0.246 0 0.005
0.775 0.353 0 0.005
0.775 0.748 0 0.005
0.775 0.982 0 0.005
0.776 0.021 0 0.005
0.776 0.393 0 0.005
0.776 0.484 0 0.005
0.776 0.56 0 0.005
0.776 0.687 0 0.005
0.776 0.848 0 0.005
0.777 0.0012666666666666666 0 0.005
0.777 0.929 0 0.005
0.779 0.153 0 0.005
0.779 0.228 0 0.005
0.78 0.095 0 0.005
0.78 0.417 0 0.005
0.78 0.776 0 0.005
0.78 0.895 0 0.005
0.781 0.45 0 0.005
0.781 0.806 0 0.005
0.781 0.964 0 0.005
0.781 0.995 0 0.005
0.782 0.342 0 0.005
0.782 0.735 0 0.005
0.782 0.823 0 0.005
0.783 0.04 0 0.005
0.783 0.498 0 0.005
0.783 0.587 0 0.005
0.784 0.081 0 0.005
0.784 0.18 0 0.005
0.784 0.285 0 0.005
0.784 0.358 0 0.005
0.784 0.478 0 0.005
0.784 0.606 0 0.005
0.784 0.794 0 0.005
0.784 0.937 0 0.005
0.785 0.43 0 0.005
0.785 0.671 0 0.005
0.786 0.914 0 0.005
0.787 0.272 0 0.005
0.787 0.517 0 0.005
0.787 0.567 0 0.005
0.787 0.875 0 0.005
0.788 0.238 0 0.005
0.788 0.782 0 0.005
0.789 0.0017435897435897436 0 0.005
0.789 0.298 0 0.005
0.79 0.131 0 0.005
0.79 0.386 0 0.005
0.79 0.858 0 0.005
0.79 0.976 0 0.005
0.791 0.988 0 0.005
0.792 0.07 0 0.005
0.792 0.192 0 0.005
0.792 0.324 0 0.005
0.792 0.754 0 0.005
0.793 0.024 0 0.005
0.793 0.4 0 0.005
0.793 0.488 0 0.005
0.793 0.547 0 0.005
0.793 0.638 0 0.005
0.794 0.734 0 0.005
0.795 0.428 0 0.005
0.795 0.841 0 0.005
0.796 0.353 0 0.005
0.797 0.216 0 0.005
0.797 0.367 0 0.005
0.797 0.604 0 0.005
0.797 0.87 0 0.005
0.798 0.336 0 0.005
0.798 0.666 0 0.005
0.798 0.917 0 0.005
0.799 0.26 0 0.005
0.799 0.592 0 0.005
0.8 0.121 0 0.005
0.8 0.185 0 0.005
0.8 0.479 0 0.005
0.8 0.522 0 0.005
0.8 0.651 0 0.005
0.801 0.01 0 0.005
0.801 0.23 0 0.005
0.801 0.42 0 0.005
0.801 0.703 0 0.005
0.801 0.829 0 0.005
0.802 0.11 0 0.005
0.802 0.241 0 0.005
0.802 0.54 0 0.005
0.803 0.048 0 0.005
0.803 0.554 0 0.005
0.803 0.635 0 0.005
0.803 0.938 0 0.005
0.801 0.999 0 0.005
0.804 0.785 0 0.005
0.804 0.817 0 0.005
0.805 0.148 0 0.005
0.805 0.379 0 0.005
0.806 0.617 0 0.005
0.807 0.101 0 0.005
0.807 0.876 0 0.005
0.808 0.166 0 0.005
0.808 0.343 0 0.005
0.808 0.368 0 0.005
0.808 0.959 0 0.005
0.809 0.083 0 0.005
0.809 0.251 0 0.005
0.809 0.45 0 0.005
0.809 0.731 0 0.005
0.809 0.9956875 0 0.005
0.81 0.491 0 0.005
0.81 0.601 0 0.005
0.81 0.656 0 0.005
0.811 0.981 0 0.005
0.812 0.231 0 0.005
0.812 0.757 0 0.005
0.812 0.896 0 0.005
0.813 0.214 0 0.005
0.813 0.627 0 0.005
0.813 0.832 0 0.005
0.814 0.179 0 0.005
0.814 0.59 0 0.005
0.814 0.847 0 0.005
0.815 0.313 0 0.005
0.815 0.404 0 0.005
0.815 0.717 0 0.005
0.815 0.779 0 0.005
0.816 0.913 0 0.005
0.817 0.942 0 0.005
0.818 0.022 0 0.005
0.818 0.077 0 0.005
0.818 0.195 0 0.005
0.818 0.302 0 0.005
0.818 0.469 0 0.005
0.818 0.863 0 0.005
0.819 0.348 0 0.005
0.82 0.055 0 0.005
0.82 0.115 0 0.005
0.82 0.169 0 0.005
0.82 0.389 0 0.005
0.82 0.566 0 0.005
0.821 0.277 0 0.005
0.821 0.527 0 0.005
0.822 0.511 0 0.005
0.822 0.764 0 0.005
0.822 0.922 0 0.005
0.822 0.956 0 0.005
0.823 0.0022291666666666666 0 0.005
0.823 0.135 0 0.005
0.823 0.258 0 0.005
0.823 0.43 0 0.005
0.823 0.615 0 0.005
0.824 0.088 0 0.005
0.824 0.185 0 0.005
0.824 0.546 0 0.005
0.825 0.594 0 0.005
0.825 0.872 0 0.005
0.826 0.814 0 0.005
0.827 0.455 0 0.005
0.827 0.795 0 0.005
0.829 0.378 0 0.005
0.829 0.521 0 0.005
0.829 0.573 0 0.005
0.83 0.158 0 0.005
0.83 0.391 0 0.005
0.83 0.407 0 0.005
0.83 0.468 0 0.005
0.83 0.783 0 0.005
0.832 0.737 0 0.005
0.832 0.906 0 0.005
0.832 0.947 0 0.005
0.833 0.216 0 0.005
0.833 0.245 0 0.005
0.833 0.284 0 0.005
0.833 0.31 0 0.005
0.833 0.421 0 0.005
0.833 0.714 0 0.005
0.833 0.752 0 0.005
0.834 0.23 0 0.005
0.834 0.851 0 0.005
0.835 0.256 0 0.005
0.835 0.363 0 0.005
0.836 0.099 0 0.005
0.836 0.147 0 0.005
0.836 0.61 0 0.005
0.836 0.644 0 0.005
0.836 0.959 0 0.005
0.837 0.538 0 0.005
0.838 0.342 0 0.005
0.838 0.928 0 0.005
0.839 0.088 0 0.005
0.839 0.563 0 0.005
0.839 0.895 0 0.005
0.84 0.011 0 0.005
0.84 0.058 0 0.005
0.84 0.441 0 0.005
0.84 0.49 0 0.005
0.84 0.657 0 0.005
0.841 0.0008095238095238096 0 0.005
0.841 0.512 0 0.005
0.841 0.726 0 0.005
0.841 0.878 0 0.005
0.841 0.988 0 0.005
0.842 0.032 0 0.005
0.842 0.128 0 0.005
0.842 0.388 0 0.005
0.842 0.758 0 0.005
0.843 0.319 0 0.005
0.843 0.703 0 0.005
0.843 0.777 0 0.005
0.844 0.276 0 0.005
0.845 0.62 0 0.005
0.846 0.022 0 0.005
0.846 0.165 0 0.005
0.846 0.574 0 0.005
0.847 0.223 0 0.005
0.847 0.257 0 0.005
0.847 0.791 0 0.005
0.848 0.185 0 0.005
0.848 0.212 0 0.005
0.848 0.944 0 0.005
0.849 0.081 0 0.005
0.849 0.099 0 0.005
0.849 0.812 0 0.005
0.85 0.045 0 0.005
0.85 0.329 0 0.005
0.85 0.522 0 0.005
0.85 0.65 0 0.005
0.85 0.846 0 0.005
0.851 0.476 0 0.005
0.851 0.933 0 0.005
0.851 0.996280701754386 0 0.005
0.852 0.359 0 0.005
0.852 0.638 0 0.005
0.852 0.771 0 0.005
0.852 0.986 0 0.005
0.853 0.122 0 0.005
0.853 0.782 0 0.005
0.853 0.971 0 0.005
0.854 0.417 0 0.005
0.854 0.861 0 0.005
0.855 0.297 0 0.005
0.856 0.03 0 0.005
0.856 0.179 0 0.005
0.856 0.23 0 0.005
0.856 0.599 0 0.005
0.856 0.876 0 0.005
0.857 0.053 0 0.005
0.857 0.15 0 0.005
0.857 0.612 0 0.005
0.857 0.628 0 0.005
0.857 0.676 0 0.005
0.857 0.834 0 0.005
0.857 0.908 0 0.005
0.858 0.014 0 0.005
0.858 0.215 0 0.005
0.858 0.921 0 0.005
0.859 0.096 0 0.005
0.859 0.244 0 0.005
0.859 0.576 0 0.005
0.859 0.741 0 0.005
0.86 0.449 0 0.005
0.86 0.52 0 0.005
0.86 0.647 0 0.005
0.861 0.961 0 0.005
0.862 0.508 0 0.005
0.862 0.711 0 0.005
0.863 0.267 0 0.005
0.863 0.402 0 0.005
0.863 0.697 0 0.005
0.864 0.586 0 0.005
0.864 0.885 0 0.005
0.865 0.605 0 0.005
0.865 0.754 0 0.005
0.866 0.292 0 0.005
0.867 0.156 0 0.005
0.867 0.376 0 0.005
0.867 0.619 0 0.005
0.868 0.356 0 0.005
0.868 0.727 0 0.005
0.869 0.17 0 0.005
0.869 0.213 0 0.005
0.869 0.933 0 0.005
0.87 0.331 0 0.005
0.87 0.783 0 0.005
0.87 0.945 0 0.005
0.871 0.02 0 0.005
0.871 0.117 0 0.005
0.871 0.229 0 0.005
0.871 0.412 0 0.005
0.871 0.538 0 0.005
0.871 0.913 0 0.005
0.872 0.072 0 0.005
0.872 0.645 0 0.005
0.872 0.67 0 0.005
0.872 0.867 0 0.005
0.872 0.996280701754386 0 0.005
0.873 0.004 0 0.005
0.873 0.575 0 0.005
0.873 0.833 0 0.005
0.874 0.558 0 0.005
0.874 0.74 0 0.005
0.874 0.886 0 0.005
0.875 0.268 0 0.005
0.875 0.343 0 0.005
0.875 0.365 0 0.005
0.875 0.394 0 0.005
0.875 0.712 0 0.005
0.875 0.817 0 0.005
0.877 0.194 0 0.005
0.877 0.686 0 0.005
0.877 0.957 0 0.005
0.878 0.496 0 0.005
0.878 0.615 0 0.005
0.879 0.13 0 0.005
0.879 0.762 0 0.005
0.879 0.987 0 0.005
0.88 0.926 0 0.005
0.881 0.101 0 0.005
0.881 0.155 0 0.005
0.881 0.283 0 0.005
0.881 0.582 0 0.005
0.881 0.851 0 0.005
0.882 0.067 0 0.005
0.882 0.41 0 0.005
0.882 0.803 0 0.005
0.882 0.966 0 0.005
0.883 0.008 0 0.005
0.883 0.388 0 0.005
0.883 0.421 0 0.005
0.883 0.869 0 0.005
0.883 0.9981904761904762 0 0.005
0.885 0.139 0 0.005
0.886 0.212 0 0.005
0.886 0.264 0 0.005
0.886 0.94 0 0.005
0.887 0.022 0 0.005
0.887 0.669 0 0.005
0.887 0.681 0 0.005
0.887 0.975 0 0.005
0.888 0.083 0 0.005
0.888 0.199 0 0.005
0.888 0.233 0 0.005
0.888 0.314 0 0.005
0.888 0.823 0 0.005
0.889 0.36 0 0.005
0.889 0.574 0 0.005
0.889 0.985 0 0.005
0.89 0.292 0 0.005
0.89 0.489 0 0.005
0.89 0.505 0 0.005
0.89 0.527 0 0.005
0.891 0.114 0 0.005
0.891 0.177 0 0.005
0.891 0.279 0 0.005
0.892 0.376 0 0.005
0.892 0.804 0 0.005
0.893 0.161 0 0.005
0.893 0.9977333333333334 0 0.005
0.894 0.008 0 0.005
0.894 0.243 0 0.005
0.894 0.838 0 0.005
0.894 0.858 0 0.005
0.894 0.928 0 0.005
0.895 0.127 0 0.005
0.895 0.461 0 0.005
0.895 0.643 0 0.005
0.895 0.848 0 0.005
0.896 0.103 0 0.005
0.896 0.952 0 0.005
0.897 0.66 0 0.005
0.897 0.767 0 0.005
0.897 0.778 0 0.005
0.898 0.042 0 0.005
0.899 0.085 0 0.005
0.899 0.209 0 0.005
0.899 0.882 0 0.005
0.9 0.817 0 0.005
0.901 0.193 0 0.005
0.901 0.425 0 0.005
0.901 0.6 0 0.005
0.902 0.32 0 0.005
0.902 0.514 0 0.005
0.902 0.545 0 0.005
0.902 0.917 0 0.005
0.903 0.33 0 0.005
0.904 0.027 0 0.005
0.904 0.068 0 0.005
0.904 0.153 0 0.005
0.904 0.626 0 0.005
0.904 0.731 0 0.005
0.904 0.905 0 0.005
0.904 0.927 0 0.005
0.904 0.968 0 0.005
0.905 0.249 0 0.005
0.905 0.555 0 0.005
0.905 0.697 0 0.005
0.905 0.937 0 0.005
0.906 0.138 0 0.005
0.906 0.405 0 0.005
0.908 0.04 0 0.005
0.908 0.685 0 0.005
0.908 0.753 0 0.005
0.908 0.98 0 0.005
0.908 0.9956875 0 0.005
0.909 0.709 0 0.005
0.909 0.846 0 0.005
0.909 0.0004166666666666667 0 0.005
0.91 0.505 0 0.005
0.911 0.172 0 0.005
0.911 0.478 0 0.005
0.911 0.524 0 0.005
0.911 0.785 0 0.005
0.912 0.057 0 0.005
0.912 0.126 0 0.005
0.912 0.214 0 0.005
0.912 0.662 0 0.005
0.912 0.72 0 0.005
0.913 0.115 0 0.005
0.913 0.36 0 0.005
0.913 0.577 0 0.005
0.913 0.836 0 0.005
0.914 0.732 0 0.005
0.914 0.771 0 0.005
0.915 0.876 0 0.005
0.916 0.19 0 0.005
0.916 0.559 0 0.005
0.917 0.097 0 0.005
0.917 0.459 0 0.005
0.917 0.594 0 0.005
0.918 0.012 0 0.005
0.918 0.381 0 0.005
0.918 0.902 0 0.005
0.919 0.351 0 0.005
0.92 0.295 0 0.005
0.92 0.426 0 0.005
0.921 0.0004166666666666667 0 0.005
0.922 0.05 0 0.005
0.923 0.11 0 0.005
0.923 0.759 0 0.005
0.923 0.94 0 0.005
0.923 0.959 0 0.005
0.923 0.983 0 0.005
0.924 0.061 0 0.005
0.924 0.157 0 0.005
0.924 0.21 0 0.005
0.924 0.696 0 0.005
0.925 0.138 0 0.005
0.925 0.466 0 0.005
0.925 0.554 0 0.005
0.925 0.583 0 0.005
0.925 0.742 0 0.005
0.926 0.251 0 0.005
0.926 0.655 0 0.005
0.926 0.719 0 0.005
0.926 0.851 0 0.005
0.927 0.125 0 0.005
0.928 0.328 0 0.005
0.928 0.505 0 0.005
0.928 0.641 0 0.005
0.928 0.806 0 0.005
0.929 0.829 0 0.005
0.93 0.176 0 0.005
0.93 0.427 0 0.005
0.93 0.479 0 0.005
0.93 0.537 0 0.005
0.931 0.011 0 0.005
0.931 0.225 0 0.005
0.931 0.269 0 0.005
0.932 0.416 0 0.005
0.932 0.45 0 0.005
0.932 0.706 0 0.005
0.932 0.764 0 0.005
0.932 0.909 0 0.005
0.934 0.039 0 0.005
0.934 0.515 0 0.005
0.934 0.526 0 0.005
0.935 0.088 0 0.005
0.935 0.187 0 0.005
0.935 0.281 0 0.005
0.935 0.392 0 0.005
0.935 0.563 0 0.005
0.935 0.875 0 0.005
0.936 0.0017435897435897436 0 0.005
0.937 0.584 0 0.005
0.937 0.657 0 0.005
0.937 0.751 0 0.005
0.937 0.787 0 0.005
0.937 0.812 0 0.005
0.938 0.685 0 0.005
0.939 0.316 0 0.005
0.939 0.976 0 0.005
0.939 0.986 0 0.005
0.94 0.106 0 0.005
0.941 0.02 0 0.005
0.941 0.195 0 0.005
0.941 0.228 0 0.005
0.941 0.259 0 0.005
0.941 0.362 0 0.005
0.941 0.384 0 0.005
0.941 0.777 0 0.005
0.943 0.135 0 0.005
0.943 0.152 0 0.005
0.943 0.634 0 0.005
0.943 0.929 0 0.005
0.943 0.96 0 0.005
0.944 0.12 0 0.005
0.944 0.167 0 0.005
0.944 0.292 0 0.005
0.944 0.302 0 0.005
0.944 0.804 0 0.005
0.944 0.859 0 0.005
0.946 0.066 0 0.005
0.946 0.514 0 0.005
0.946 0.599 0 0.005
0.947 0.835 0 0.005
0.948 0.177 0 0.005
0.948 0.79 0 0.005
0.949 0.537 0 0.005
0.949 0.707 0 0.005
0.95 0.583 0 0.005
0.95 0.751 0 0.005
0.95 0.897 0 0.005
0.95 0.988 0 0.005
0.951 0.143 0 0.005
0.951 0.385 0 0.005
0.951 0.463 0 0.005
0.951 0.608 0 0.005
0.951 0.825 0 0.005
0.952 0.315 0 0.005
0.952 0.55 0 0.005
0.953 0.1 0 0.005
0.953 0.937 0 0.005
0.954 0.502 0 0.005
0.954 0.812 0 0.005
0.955 0.035 0 0.005
0.955 0.047 0 0.005
0.955 0.205 0 0.005
0.956 0.023 0 0.005
0.956 0.356 0 0.005
0.956 0.41 0 0.005
0.956 0.43 0 0.005
0.956 0.519 0 0.005
0.956 0.63 0 0.005
0.956 0.674 0 0.005
0.956 0.773 0 0.005
0.957 0.188 0 0.005
0.957 0.572 0 0.005
0.958 0.169 0 0.005
0.958 0.451 0 0.005
0.959 0.114 0 0.005
0.959 0.902 0 0.005
0.959 0.955 0 0.005
0.96 0.763 0 0.005
0.96 0.856 0 0.005
0.961 0.3 0 0.005
0.962 0.843 0 0.005
0.962 0.925 0 0.005
0.963 0.0008095238095238096 0 0.005
0.963 0.081 0 0.005
0.963 0.263 0 0.005
0.963 0.325 0 0.005
0.963 0.533 0 0.005
0.964 0.421 0 0.005
0.964 0.48 0 0.005
0.964 0.618 0 0.005
0.964 0.791 0 0.005
0.964 0.937 0 0.005
0.965 0.142 0 0.005
0.965 0.236 0 0.005
0.965 0.394 0 0.005
0.965 0.461 0 0.005
0.965 0.892 0 0.005
0.966 0.198 0 0.005
0.967 0.665 0 0.005
0.967 0.754 0 0.005
0.968 0.157 0 0.005
0.968 0.445 0 0.005
0.968 0.917 0 0.005
0.968 0.972 0 0.005
0.969 0.106 0 0.005
0.969 0.492 0 0.005
0.969 0.824 0 0.005
0.97 0.516 0 0.005
0.97 0.633 0 0.005
0.971 0.47 0 0.005
0.971 0.65 0 0.005
0.971 0.858 0 0.005
0.971 0.996280701754386 0 0.005
0.972 0.055 0 0.005
0.972 0.304 0 0.005
0.973 0.072 0 0.005
0.973 0.34 0 0.005
0.973 0.604 0 0.005
0.974 0.314 0 0.005
0.974 0.546 0 0.005
0.975 0.836 0 0.005
0.975 0.872 0 0.005
0.975 0.882 0 0.005
0.975 0.983 0 0.005
0.976 0.173 0 0.005
0.976 0.433 0 0.005
0.976 0.91 0 0.005
0.977 0.135 0 0.005
0.977 0.162 0 0.005
0.977 0.33 0 0.005
0.977 0.526 0 0.005
0.977 0.568 0 0.005
0.977 0.618 0 0.005
0.977 0.69 0 0.005
0.977 0.808 0 0.005
0.977 0.93 0 0.005
0.978 0.392 0 0.005
0.979 0.02 0 0.005
0.979 0.232 0 0.005
0.979 0.272 0 0.005
0.979 0.738 0 0.005
0.979 0.798 0 0.005
0.98 0.061 0 0.005
0.98 0.672 0 0.005
0.98 0.713 0 0.005
0.98 0.825 0 0.005
0.981 0.104 0 0.005
0.981 0.769 0 0.005
0.981 0.855 0 0.005
0.982 0.125 0 0.005
0.982 0.46 0 0.005
0.983 0.512 0 0.005
0.984 0.475 0 0.005
0.984 0.899 0 0.005
0.984 0.949 0 0.005
0.985 0.224 0 0.005
0.985 0.243 0 0.005
0.985 0.324 0 0.005
0.985 0.682 0 0.005
0.985 0.78 0 0.005
0.987 0.301 0 0.005
0.988 0.212 0 0.005
0.988 0.727 0 0.005
0.989 0.145 0 0.005
0.989 0.198 0 0.005
0.989 0.372 0 0.005
0.989 0.622 0 0.005
0.989 0.633 0 0.005
0.989 0.707 0 0.005
0.989 0.803 0 0.005
0.989 0.972 0 0.005
0.989 0.985 0 0.005
0.99 0.028 0 0.005
0.99 0.113 0 0.005
0.99 0.184 0 0.005
0.99 0.501 0 0.005
0.991 0.163 0 0.005
0.991 0.647 0 0.005
0.992 0.252 0 0.005
0.992 0.333 0 0.005
0.992 0.749 0 0.005
0.992 0.844 0 0.005
0.993 0.27 0 0.005
0.993 0.413 0 0.005
0.993 0.466 0 0.005
0.993 0.482 0 0.005
0.993 0.717 0 0.005
0.995 0.38 0 0.005
0.995 0.939 0 0.005
0.995 0.952 0 0.005
0.9957142857142857 0.0013214285714285715 0 0.005
0.9956875 0.135 0 0.005
0.9956875 0.285 0 0.005
0.9956875 0.512 0 0.005
0.9956875 0.671 0 0.005
0.9956875 0.872 0 0.005
0.996280701754386 0.011 0 0.005
0.996280701754386 0.402 0 0.005
0.996280701754386 0.448 0 0.005
0.996280701754386 0.699 0 0.005
0.9967708333333334 0.318 0 0.005
0.9967708333333334 0.357 0 0.005
0.9967708333333334 0.736 0 0.005
0.9967708333333334 0.831 0 0.005
0.9972564102564103 0.169 0 0.005
0.9972564102564103 0.206 0 0.005
0.9972564102564103 0.37 0 0.005
0.9972564102564103 0.433 0 0.005
0.9972564102564103 0.559 0 0.005
0.9977333333333334 0.034 0 0.005
0.9977333333333334 0.909 0 0.005
0.999 0.345 0 0.005
0.999 0.489 0 0.005
0.999 0.533 0 0.005
0.999 0.818 0 0.005
