0.0006666666666666666 0.0006666666666666666 0 0.005
0.002719298245614035 0.01 0 0.005
0.004 0.021 0 0.005
0.0 0.144 0 0.005
0.0017435897435897436 0.155 0 0.005
0.002719298245614035 0.181 0 0.005
0.002719298245614035 0.249 0 0.005
0.0017435897435897436 0.267 0 0.005
0.0 0.294 0 0.005
0.0008095238095238096 0.31 0 0.005
0.0004166666666666667 0.334 0 0.005
0.0004166666666666667 0.38 0 0.005
0.0022291666666666666 0.4 0 0.005
0.0004166666666666667 0.435 0 0.005
0.0008095238095238096 0.468 0 0.005
0.004 0.506 0 0.005
0.0008095238095238096 0.517 0 0.005
0.002719298245614035 0.533 0 0.005
0.004 0.599 0 0.005
0.0 0.628 0 0.005
0.0017435897435897436 0.679 0 0.005
0.0 0.701 0 0.005
0.0 0.759 0 0.005
0.0008095238095238096 0.774 0 0.005
0.004 0.8 0 0.005
0.0004166666666666667 0.81 0 0.005
0.0022291666666666666 0.821 0 0.005
0.004 0.839 0 0.005
0.0008095238095238096 0.871 0 0.005
0.0022291666666666666 0.935 0 0.005
0.0033125 0.959 0 0.005
0.004 0.989 0 0.005
0.0 0.9975 0 0.005
0.005 0.094 0 0.005
0.005 0.455 0 0.005
0.005 0.978 0 0.005
0.008 0.068 0 0.005
0.008 0.202 0 0.005
0.008 0.673 0 0.005
0.009 0.261 0 0.005
0.009 0.563 0 0.005
0.009 0.701 0 0.005
0.009 0.79 0 0.005
0.009 0.889 0 0.005
0.01 0.573 0 0.005
0.01 0.751 0 0.005
0.01 0.866 0 0.005
0.011 0.357 0 0.005
0.011 0.548 0 0.005
0.011 0.9 0 0.005
0.012 0.027 0 0.005
0.012 0.046 0 0.005
0.012 0.234 0 0.005
0.013 0.087 0 0.005
0.013 0.484 0 0.005
0.013 0.764 0 0.005
0.014 0.38 0 0.005
0.014 0.401 0 0.005
0.014 0.438 0 0.005
0.014 0.466 0 0.005
0.014 0.952 0 0.005
0.015 0.056 0 0.005
0.015 0.107 0 0.005
0.015 0.269 0 0.005
0.015 0.279 0 0.005
0.015 0.299 0 0.005
0.015 0.324 0 0.005
0.015 0.993 0 0.005
0.016 0.137 0 0.005
0.016 0.211 0 0.005
0.016 0.448 0 0.005
0.016 0.662 0 0.005
0.017 0.015 0 0.005
0.017 0.537 0 0.005
0.017 0.581 0 0.005
0.018 0.515 0 0.005
0.019 0.198 0 0.005
0.019 0.69 0 0.005
0.02 0.152 0 0.005
0.02 0.754 0 0.005
0.021 0.823 0 0.005
0.021 0.85 0 0.005
0.021 0.924 0 0.005
0.021 0.937 0 0.005
0.022 0.365 0 0.005
0.022 0.425 0 0.005
0.022 0.862 0 0.005
0.023 0.233 0 0.005
0.023 0.49 0 0.005
0.024 0.708 0 0.005
0.024 0.834 0 0.005
0.025 0.6 0 0.005
0.026 0.065 0 0.005
0.026 0.116 0 0.005
0.026 0.292 0 0.005
0.027 0.416 0 0.005
0.027 0.724 0 0.005
0.027 0.8 0 0.005
0.028 0.19 0 0.005
0.028 0.268 0 0.005
0.028 0.344 0 0.005
0.029 0.045 0 0.005
0.029 0.655 0 0.005
0.029 0.775 0 0.005
0.031 0.161 0 0.005
0.031 0.305 0 0.005
0.031 0.385 0 0.005
0.031 0.933 0 0.005
0.032 0.098 0 0.005
0.032 0.131 0 0.005
0.033 0.146 0 0.005
0.033 0.319 0 0.005
0.033 0.496 0 0.005
0.033 0.899 0 0.005
0.034 0.007 0 0.005
0.034 0.682 0 0.005
0.034 0.747 0 0.005
0.034 0.823 0 0.005
0.034 0.994 0 0.005
0.035 0.207 0 0.005
0.035 0.256 0 0.005
0.035 0.577 0 0.005
0.036 0.366 0 0.005
0.036 0.44 0 0.005
0.036 0.474 0 0.005
0.036 0.529 0 0.005
0.036 0.622 0 0.005
0.036 0.916 0 0.005
0.036 0.944 0 0.005
0.037 0.642 0 0.005
0.038 0.413 0 0.005
0.038 0.662 0 0.005
0.039 0.286 0 0.005
0.04 0.728 0 0.005
0.041 0.338 0 0.005
0.041 0.566 0 0.005
0.041 0.606 0 0.005
0.041 0.696 0 0.005
0.041 0.886 0 0.005
0.042 0.033 0 0.005
0.042 0.046 0 0.005
0.042 0.466 0 0.005
0.042 0.52 0 0.005
0.042 0.761 0 0.005
0.042 0.816 0 0.005
0.043 0.35 0 0.005
0.043 0.449 0 0.005
0.043 0.495 0 0.005
0.043 0.875 0 0.005
0.044 0.105 0 0.005
0.044 0.275 0 0.005
0.044 0.928 0 0.005
0.045 0.07 0 0.005
0.046 0.437 0 0.005
0.046 0.739 0 0.005
0.046 0.906 0 0.005
0.046 0.94 0 0.005
0.047 0.186 0 0.005
0.047 0.555 0 0.005
0.048 0.091 0 0.005
0.049 0.08 0 0.005
0.049 0.266 0 0.005
0.049 0.423 0 0.005
0.049 0.959 0 0.005
0.05 0.38 0 0.005
0.05 0.691 0 0.005
0.05 0.839 0 0.005
0.051 0.283 0 0.005
0.051 0.533 0 0.005
0.052 0.148 0 0.005
0.052 0.594 0 0.005
0.054 0.009 0 0.005
0.054 0.052 0 0.005
0.054 0.121 0 0.005
0.054 0.134 0 0.005
0.054 0.301 0 0.005
0.054 0.664 0 0.005
0.055 0.452 0 0.005
0.055 0.579 0 0.005
0.055 0.706 0 0.005
0.055 0.931 0 0.005
0.056 0.064 0 0.005
0.056 0.203 0 0.005
0.056 0.604 0 0.005
0.057 0.105 0 0.005
0.057 0.371 0 0.005
0.057 0.475 0 0.005
0.057 0.51 0 0.005
0.057 0.852 0 0.005
0.058 0.167 0 0.005
0.058 0.554 0 0.005
0.059 0.213 0 0.005
0.06 0.29 0 0.005
0.06 0.386 0 0.005
0.06 0.408 0 0.005
0.06 0.903 0 0.005
0.06 0.986 0 0.005
0.061 0.397 0 0.005
0.061 0.422 0 0.005
0.061 0.52 0 0.005
0.062 0.252 0 0.005
0.062 0.359 0 0.005
0.062 0.742 0 0.005
0.064 0.084 0 0.005
0.064 0.222 0 0.005
0.064 0.76 0 0.005
0.066 0.349 0 0.005
0.066 0.774 0 0.005
0.066 0.927 0 0.005
0.067 0.108 0 0.005
0.067 0.141 0 0.005
0.067 0.63 0 0.005
0.067 0.7 0 0.005
0.067 0.733 0 0.005
0.068 0.12 0 0.005
0.068 0.98 0 0.005
0.069 0.242 0 0.005
0.069 0.528 0 0.005
0.069 0.917 0 0.005
0.07 0.313 0 0.005
0.071 0.055 0 0.005
0.071 0.791 0 0.005
0.072 0.068 0 0.005
0.072 0.607 0 0.005
0.073 0.493 0 0.005
0.073 0.643 0 0.005
0.074 0.708 0 0.005
0.075 0.325 0 0.005
0.075 0.958 0 0.005
0.075 0.971 0 0.005
0.073 0.999 0 0.005
0.076 0.253 0 0.005
0.076 0.478 0 0.005
0.076 0.775 0 0.005
0.076 0.909 0 0.005
0.076 0.929 0 0.005
0.077 0.581 0 0.005
0.077 0.687 0 0.005
0.077 0.99 0 0.005
0.078 0.129 0 0.005
0.078 0.416 0 0.005
0.078 0.744 0 0.005
0.078 0.941 0 0.005
0.079 0.277 0 0.005
0.079 0.368 0 0.005
0.079 0.597 0 0.005
0.08 0.433 0 0.005
0.08 0.675 0 0.005
0.08 0.799 0 0.005
0.08 0.858 0 0.005
0.081 0.57 0 0.005
0.081 0.789 0 0.005
0.082 0.624 0 0.005
0.083 0.141 0 0.005
0.083 0.455 0 0.005
0.083 0.874 0 0.005
0.084 0.268 0 0.005
0.084 0.381 0 0.005
0.084 0.399 0 0.005
0.084 0.554 0 0.005
0.084 0.613 0 0.005
0.085 0.101 0 0.005
0.085 0.505 0 0.005
0.085 0.702 0 0.005
0.085 0.759 0 0.005
0.087 0.036 0 0.005
0.088 0.303 0 0.005
0.089 0.444 0 0.005
0.089 0.74 0 0.005
0.089 0.806 0 0.005
0.09 0.328 0 0.005
0.09 0.428 0 0.005
0.088 0.999 0 0.005
0.091 0.061 0 0.005
0.091 0.079 0 0.005
0.091 0.179 0 0.005
0.091 0.341 0 0.005
0.092 0.532 0 0.005
0.092 0.602 0 0.005
0.092 0.685 0 0.005
0.093 0.123 0 0.005
0.093 0.282 0 0.005
0.093 0.648 0 0.005
0.093 0.994 0 0.005
0.094 0.051 0 0.005
0.094 0.636 0 0.005
0.094 0.861 0 0.005
0.094 0.952 0 0.005
0.095 0.272 0 0.005
0.095 0.705 0 0.005
0.096 0.487 0 0.005
0.096 0.719 0 0.005
0.096 0.887 0 0.005
0.097 0.349 0 0.005
0.097 0.562 0 0.005
0.097 0.797 0 0.005
0.097 0.82 0 0.005
0.098 0.408 0 0.005
0.098 0.51 0 0.005
0.098 0.621 0 0.005
0.099 0.371 0 0.005
0.099 0.917 0 0.005
0.1 0.11 0 0.005
0.1 0.661 0 0.005
0.1 0.74 0 0.005
0.102 0.022 0 0.005
0.102 0.542 0 0.005
0.102 0.578 0 0.005
0.103 0.172 0 0.005
0.103 0.75 0 0.005
0.103 0.855 0 0.005
0.104 0.683 0 0.005
0.105 0.144 0 0.005
0.105 0.262 0 0.005
0.105 0.63 0 0.005
0.105 0.902 0 0.005
0.106 0.327 0 0.005
0.106 0.495 0 0.005
0.107 0.067 0 0.005
0.107 0.085 0 0.005
0.107 0.402 0 0.005
0.107 0.972 0 0.005
0.108 0.444 0 0.005
0.108 0.55 0 0.005
0.108 0.655 0 0.005
0.108 0.733 0 0.005
0.109 0.216 0 0.005
0.109 0.243 0 0.005
0.109 0.608 0 0.005
0.109 0.996280701754386 0 0.005
0.11 0.181 0 0.005
0.11 0.784 0 0.005
0.111 0.277 0 0.005
0.111 0.317 0 0.005
0.111 0.939 0 0.005
0.112 0.038 0 0.005
0.112 0.467 0 0.005
0.112 0.509 0 0.005
0.112 0.811 0 0.005
0.113 0.096 0 0.005
0.113 0.15 0 0.005
0.113 0.171 0 0.005
0.113 0.701 0 0.005
0.113 0.763 0 0.005
0.113 0.891 0 0.005
0.114 0.856 0 0.005
0.115 0.913 0 0.005
0.116 0.024 0 0.005
0.117 0.345 0 0.005
0.118 0.554 0 0.005
0.118 0.597 0 0.005
0.118 0.655 0 0.005
0.119 0.072 0 0.005
0.119 0.108 0 0.005
0.119 0.288 0 0.005
0.119 0.435 0 0.005
0.119 0.722 0 0.005
0.119 0.737 0 0.005
0.119 0.9981904761904762 0 0.005
0.12 0.21 0 0.005
0.12 0.63 0 0.005
0.12 0.876 0 0.005
0.121 0.059 0 0.005
0.121 0.425 0 0.005
0.121 0.518 0 0.005
0.121 0.8 0 0.005
0.121 0.864 0 0.005
0.121 0.904 0 0.005
0.121 0.934 0 0.005
0.121 0.954 0 0.005
0.122 0.128 0 0.005
0.123 0.178 0 0.005
0.123 0.222 0 0.005
0.123 0.495 0 0.005
0.123 0.814 0 0.005
0.124 0.391 0 0.005
0.124 0.446 0 0.005
0.125 0.412 0 0.005
0.125 0.988 0 0.005
0.126 0.081 0 0.005
0.126 0.261 0 0.005
0.126 0.469 0 0.005
0.126 0.589 0 0.005
0.127 0.534 0 0.005
0.128 0.782 0 0.005
0.129 0.013 0 0.005
0.129 0.101 0 0.005
0.129 0.625 0 0.005
0.129 0.794 0 0.005
0.13 0.274 0 0.005
0.131 0.072 0 0.005
0.131 0.15 0 0.005
0.131 0.9972564102564103 0 0.005
0.132 0.371 0 0.005
0.132 0.671 0 0.005
0.134 0.695 0 0.005
0.134 0.757 0 0.005
0.135 0.808 0 0.005
0.135 0.818 0 0.005
0.135 0.935 0 0.005
0.135 0.954 0 0.005
0.136 0.196 0 0.005
0.136 0.217 0 0.005
0.136 0.266 0 0.005
0.136 0.596 0 0.005
0.136 0.841 0 0.005
0.137 0.159 0 0.005
0.137 0.248 0 0.005
0.137 0.327 0 0.005
0.138 0.058 0 0.005
0.138 0.881 0 0.005
0.138 0.906 0 0.005
0.14 0.022 0 0.005
0.14 0.387 0 0.005
0.14 0.519 0 0.005
0.14 0.773 0 0.005
0.14 0.891 0 0.005
0.14 0.921 0 0.005
0.141 0.134 0 0.005
0.141 0.415 0 0.005
0.141 0.471 0 0.005
0.141 0.535 0 0.005
0.142 0.341 0 0.005
0.142 0.353 0 0.005
0.142 0.585 0 0.005
0.142 0.796 0 0.005
0.143 0.43 0 0.005
0.143 0.619 0 0.005
0.143 0.649 0 0.005
0.143 0.86 0 0.005
0.144 0.04 0 0.005
0.144 0.205 0 0.005
0.144 0.701 0 0.005
0.145 0.121 0 0.005
0.145 0.442 0 0.005
0.146 0.195 0 0.005
0.146 0.634 0 0.005
0.146 0.752 0 0.005
0.147 0.396 0 0.005
0.147 0.6 0 0.005
0.148 0.503 0 0.005
0.148 0.951 0 0.005
0.15 0.711 0 0.005
0.151 0.024 0 0.005
0.151 0.671 0 0.005
0.152 0.22 0 0.005
0.152 0.533 0 0.005
0.152 0.743 0 0.005
0.152 0.792 0 0.005
0.152 0.802 0 0.005
0.152 0.936 0 0.005
0.152 0.994 0 0.005
0.153 0.056 0 0.005
0.153 0.609 0 0.005
0.153 0.925 0 0.005
0.154 0.425 0 0.005
0.154 0.964 0 0.005
0.155 0.31 0 0.005
0.155 0.818 0 0.005
0.155 0.91 0 0.005
0.156 0.01 0 0.005
0.156 0.359 0 0.005
0.156 0.371 0 0.005
0.156 0.45 0 0.005
0.156 0.635 0 0.005
0.157 0.161 0 0.005
0.157 0.245 0 0.005
0.157 0.471 0 0.005
0.157 0.553 0 0.005
0.158 0.092 0 0.005
0.158 0.337 0 0.005
0.16 0.177 0 0.005
0.16 0.654 0 0.005
0.16 0.771 0 0.005
0.16 0.901 0 0.005
0.161 0.407 0 0.005
0.161 0.732 0 0.005
0.161 0.755 0 0.005
0.162 0.439 0 0.005
0.162 0.482 0 0.005
0.162 0.714 0 0.005
0.163 0.565 0 0.005
0.163 0.981 0 0.005
0.164 0.346 0 0.005
0.164 0.394 0 0.005
0.164 0.575 0 0.005
0.164 0.679 0 0.005
0.165 0.808 0 0.005
0.166 0.033 0 0.005
0.166 0.049 0 0.005
0.167 0.967 0 0.005
0.168 0.0033125 0 0.005
0.168 0.619 0 0.005
0.168 0.783 0 0.005
0.169 0.528 0 0.005
0.169 0.545 0 0.005
0.169 0.795 0 0.005
0.17 0.376 0 0.005
0.172 0.359 0 0.005
0.172 0.468 0 0.005
0.173 0.874 0 0.005
0.173 0.917 0 0.005
0.174 0.658 0 0.005
0.174 0.93 0 0.005
0.175 0.209 0 0.005
0.175 0.338 0 0.005
0.175 0.988 0 0.005
0.176 0.095 0 0.005
0.176 0.431 0 0.005
0.176 0.599 0 0.005
0.176 0.63 0 0.005
0.176 0.732 0 0.005
0.176 0.886 0 0.005
0.177 0.133 0 0.005
0.177 0.396 0 0.005
0.177 0.766 0 0.005
0.177 0.776 0 0.005
0.177 0.858 0 0.005
0.178 0.24 0 0.005
0.178 0.269 0 0.005
0.178 0.305 0 0.005
0.179 0.105 0 0.005
0.179 0.22 0 0.005
0.179 0.586 0 0.005
0.179 0.902 0 0.005
0.18 0.819 0 0.005
0.181 0.456 0 0.005
0.181 0.649 0 0.005
0.181 0.745 0 0.005
0.181 0.8 0 0.005
0.182 0.489 0 0.005
0.182 0.0004166666666666667 0 0.005
0.183 0.35 0 0.005
0.183 0.47 0 0.005
0.184 0.366 0 0.005
0.184 0.665 0 0.005
0.184 0.757 0 0.005
0.185 0.155 0 0.005
0.185 0.38 0 0.005
0.185 0.829 0 0.005
0.185 0.841 0 0.005
0.186 0.025 0 0.005
0.186 0.924 0 0.005
0.187 0.283 0 0.005
0.187 0.563 0 0.005
0.187 0.787 0 0.005
0.187 0.81 0 0.005
0.187 0.881 0 0.005
0.188 0.305 0 0.005
0.188 0.545 0 0.005
0.188 0.912 0 0.005
0.188 0.965 0 0.005
0.189 0.073 0 0.005
0.189 0.179 0 0.005
0.189 0.95 0 0.005
0.189 0.992 0 0.005
0.19 0.169 0 0.005
0.19 0.462 0 0.005
0.191 0.123 0 0.005
0.191 0.398 0 0.005
0.192 0.421 0 0.005
0.192 0.672 0 0.005
0.192 0.742 0 0.005
0.193 0.574 0 0.005
0.193 0.871 0 0.005
0.193 0.977 0 0.005
0.194 0.633 0 0.005
0.195 0.453 0 0.005
0.195 0.475 0 0.005
0.195 0.799 0 0.005
0.196 0.21 0 0.005
0.196 0.683 0 0.005
0.196 0.693 0 0.005
0.197 0.136 0 0.005
0.197 0.388 0 0.005
0.197 0.598 0 0.005
0.198 0.728 0 0.005
0.199 0.763 0 0.005
0.199 0.908 0 0.005
0.2 0.045 0 0.005
0.2 0.168 0 0.005
0.2 0.241 0 0.005
0.2 0.444 0 0.005
0.201 0.329 0 0.005
0.201 0.532 0 0.005
0.201 0.816 0 0.005
0.201 0.861 0 0.005
0.202 0.349 0 0.005
0.202 0.625 0 0.005
0.202 0.927 0 0.005
0.202 0.942 0 0.005
0.203 0.278 0 0.005
0.203 0.567 0 0.005
0.203 0.773 0 0.005
0.204 0.297 0 0.005
0.204 0.463 0 0.005
0.204 0.612 0 0.005
0.205 0.491 0 0.005
0.205 0.787 0 0.005
0.205 0.985 0 0.005
0.206 0.655 0 0.005
0.206 0.714 0 0.005
0.206 0.826 0 0.005
0.206 0.9981904761904762 0 0.005
0.207 0.975 0 0.005
0.208 0.201 0 0.005
0.209 0.058 0 0.005
0.209 0.397 0 0.005
0.21 0.19 0 0.005
0.21 0.413 0 0.005
0.21 0.896 0 0.005
0.211 0.031 0 0.005
0.211 0.145 0 0.005
0.211 0.162 0 0.005
0.211 0.534 0 0.005
0.211 0.643 0 0.005
0.211 0.85 0 0.005
0.212 0.599 0 0.005
0.212 0.683 0 0.005
0.213 0.011 0 0.005
0.213 0.352 0 0.005
0.213 0.552 0 0.005
0.214 0.579 0 0.005
0.214 0.663 0 0.005
0.214 0.759 0 0.005
0.214 0.875 0 0.005
0.215 0.086 0 0.005
0.215 0.131 0 0.005
0.215 0.258 0 0.005
0.215 0.93 0 0.005
0.216 0.623 0 0.005
0.216 0.742 0 0.005
0.216 0.795 0 0.005
0.217 0.0022291666666666666 0 0.005
0.217 0.12 0 0.005
0.217 0.405 0 0.005
0.218 0.223 0 0.005
0.218 0.728 0 0.005
0.218 0.821 0 0.005
0.218 0.885 0 0.005
0.219 0.706 0 0.005
0.219 0.96 0 0.005
0.22 0.109 0 0.005
0.22 0.212 0 0.005
0.22 0.39 0 0.005
0.22 0.419 0 0.005
0.22 0.592 0 0.005
0.22 0.9967708333333334 0 0.005
0.221 0.236 0 0.005
0.221 0.525 0 0.005
0.221 0.717 0 0.005
0.222 0.631 0 0.005
0.222 0.686 0 0.005
0.222 0.941 0 0.005
0.223 0.154 0 0.005
0.223 0.315 0 0.005
0.223 0.457 0 0.005
0.223 0.86 0 0.005
0.223 0.912 0 0.005
0.224 0.08 0 0.005
0.224 0.177 0 0.005
0.224 0.331 0 0.005
0.224 0.644 0 0.005
0.224 0.839 0 0.005
0.225 0.127 0 0.005
0.225 0.804 0 0.005
0.226 0.476 0 0.005
0.226 0.535 0 0.005
0.226 0.665 0 0.005
0.226 0.78 0 0.005
0.227 0.254 0 0.005
0.228 0.054 0 0.005
0.228 0.362 0 0.005
0.228 0.604 0 0.005
0.23 0.283 0 0.005
0.23 0.377 0 0.005
0.23 0.409 0 0.005
0.23 0.434 0 0.005
0.23 0.62 0 0.005
0.231 0.347 0 0.005
0.231 0.902 0 0.005
0.232 0.14 0 0.005
0.232 0.244 0 0.005
0.233 0.519 0 0.005
0.233 0.588 0 0.005
0.234 0.082 0 0.005
0.234 0.185 0 0.005
0.235 0.915 0 0.005
0.236 0.038 0 0.005
0.236 0.26 0 0.005
0.236 0.67 0 0.005
0.236 0.955 0 0.005
0.237 0.153 0 0.005
0.237 0.197 0 0.005
0.237 0.226 0 0.005
0.237 0.563 0 0.005
0.237 0.734 0 0.005
0.237 0.84 0 0.005
0.238 0.098 0 0.005
0.238 0.368 0 0.005
0.238 0.767 0 0.005
0.239 0.293 0 0.005
0.239 0.704 0 0.005
0.239 0.992 0 0.005
0.24 0.022 0 0.005
0.24 0.744 0 0.005
0.241 0.0033125 0 0.005
0.242 0.108 0 0.005
0.242 0.378 0 0.005
0.242 0.424 0 0.005
0.243 0.283 0 0.005
0.243 0.323 0 0.005
0.243 0.599 0 0.005
0.243 0.973 0 0.005
0.244 0.133 0 0.005
0.244 0.171 0 0.005
0.244 0.44 0 0.005
0.245 0.462 0 0.005
0.245 0.473 0 0.005
0.245 0.811 0 0.005
0.246 0.264 0 0.005
0.246 0.855 0 0.005
0.246 0.904 0 0.005
0.247 0.512 0 0.005
0.247 0.526 0 0.005
0.247 0.664 0 0.005
0.247 0.681 0 0.005
0.247 0.695 0 0.005
0.248 0.394 0 0.005
0.248 0.584 0 0.005
0.249 0.487 0 0.005
0.249 0.617 0 0.005
0.249 0.654 0 0.005
0.249 0.947 0 0.005
0.25 0.957 0 0.005
0.251 0.093 0 0.005
0.251 0.314 0 0.005
0.251 0.341 0 0.005
0.252 0.068 0 0.005
0.252 0.079 0 0.005
0.252 0.54 0 0.005
0.252 0.764 0 0.005
0.253 0.127 0 0.005
0.253 0.352 0 0.005
0.253 0.552 0 0.005
0.253 0.569 0 0.005
0.254 0.731 0 0.005
0.255 0.286 0 0.005
0.255 0.519 0 0.005
0.255 0.632 0 0.005
0.256 0.058 0 0.005
0.256 0.497 0 0.005
0.258 0.146 0 0.005
0.258 0.221 0 0.005
0.259 0.79 0 0.005
0.259 0.921 0 0.005
0.259 0.97 0 0.005
0.26 0.202 0 0.005
0.262 0.314 0 0.005
0.262 0.606 0 0.005
0.262 0.856 0 0.005
0.263 0.103 0 0.005
0.263 0.161 0 0.005
0.264 0.272 0 0.005
0.264 0.674 0 0.005
0.265 0.081 0 0.005
0.265 0.476 0 0.005
0.265 0.574 0 0.005
0.265 0.9 0 0.005
0.265 0.9956875 0 0.005
0.266 0.284 0 0.005
0.267 0.235 0 0.005
0.267 0.257 0 0.005
0.267 0.382 0 0.005
0.267 0.411 0 0.005
0.267 0.587 0 0.005
0.268 0.006 0 0.005
0.268 0.051 0 0.005
0.268 0.18 0 0.005
0.268 0.434 0 0.005
0.268 0.696 0 0.005
0.268 0.984 0 0.005
0.269 0.646 0 0.005
0.269 0.97 0 0.005
0.27 0.214 0 0.005
0.27 0.497 0 0.005
0.27 0.774 0 0.005
0.27 0.846 0 0.005
0.271 0.066 0 0.005
0.271 0.813 0 0.005
0.272 0.616 0 0.005
0.272 0.707 0 0.005
0.273 0.129 0 0.005
0.273 0.311 0 0.005
0.273 0.373 0 0.005
0.273 0.823 0 0.005
0.273 0.938 0 0.005
0.273 0.948 0 0.005
0.274 0.089 0 0.005
0.274 0.161 0 0.005
0.274 0.755 0 0.005
0.274 0.907 0 0.005
0.275 0.034 0 0.005
0.275 0.229 0 0.005
0.275 0.301 0 0.005
0.276 0.595 0 0.005
0.276 0.678 0 0.005
0.276 0.9981904761904762 0 0.005
0.277 0.102 0 0.005
0.277 0.267 0 0.005
0.277 0.511 0 0.005
0.277 0.856 0 0.005
0.278 0.118 0 0.005
0.278 0.484 0 0.005
0.279 0.325 0 0.005
0.279 0.93 0 0.005
0.28 0.0022291666666666666 0 0.005
0.28 0.287 0 0.005
0.28 0.738 0 0.005
0.281 0.534 0 0.005
0.282 0.365 0 0.005
0.282 0.393 0 0.005
0.282 0.718 0 0.005
0.282 0.802 0 0.005
0.282 0.967 0 0.005
0.283 0.05 0 0.005
0.283 0.547 0 0.005
0.284 0.024 0 0.005
0.284 0.212 0 0.005
0.284 0.636 0 0.005
0.285 0.256 0 0.005
0.285 0.333 0 0.005
0.285 0.691 0 0.005
0.285 0.891 0 0.005
0.287 0.106 0 0.005
0.287 0.58 0 0.005
0.287 0.594 0 0.005
0.287 0.612 0 0.005
0.287 0.86 0 0.005
0.288 0.014 0 0.005
0.288 0.089 0 0.005
0.288 0.125 0 0.005
0.288 0.191 0 0.005
0.288 0.416 0 0.005
0.289 0.158 0 0.005
0.289 0.304 0 0.005
0.289 0.675 0 0.005
0.289 0.875 0 0.005
0.29 0.651 0 0.005
0.291 0.318 0 0.005
0.291 0.511 0 0.005
0.291 0.821 0 0.005
0.292 0.39 0 0.005
0.292 0.797 0 0.005
0.293 0.756 0 0.005
0.293 0.772 0 0.005
0.294 0.284 0 0.005
0.294 0.352 0 0.005
0.294 0.441 0 0.005
0.294 0.482 0 0.005
0.294 0.7 0 0.005
0.294 0.738 0 0.005
0.294 0.785 0 0.005
0.294 0.906 0 0.005
0.295 0.84 0 0.005
0.295 0.0004166666666666667 0 0.005
0.296 0.494 0 0.005
0.296 0.945 0 0.005
0.297 0.262 0 0.005
0.297 0.726 0 0.005
0.297 0.9967708333333334 0 0.005
0.298 0.195 0 0.005
0.298 0.609 0 0.005
0.299 0.209 0 0.005
0.299 0.536 0 0.005
0.299 0.572 0 0.005
0.3 0.856 0 0.005
0.301 0.005 0 0.005
0.301 0.622 0 0.005
0.301 0.915 0 0.005
0.301 0.971 0 0.005
0.302 0.018 0 0.005
0.302 0.065 0 0.005
0.302 0.162 0 0.005
0.302 0.677 0 0.005
0.303 0.087 0 0.005
0.303 0.222 0 0.005
0.303 0.253 0 0.005
0.303 0.435 0 0.005
0.303 0.711 0 0.005
0.304 0.109 0 0.005
0.304 0.131 0 0.005
0.304 0.179 0 0.005
0.304 0.89 0 0.005
0.305 0.546 0 0.005
0.305 0.556 0 0.005
0.305 0.991 0 0.005
0.306 0.241 0 0.005
0.306 0.343 0 0.005
0.306 0.721 0 0.005
0.306 0.761 0 0.005
0.306 0.824 0 0.005
0.307 0.307 0 0.005
0.307 0.45 0 0.005
0.307 0.7 0 0.005
0.309 0.405 0 0.005
0.309 0.587 0 0.005
0.309 0.788 0 0.005
0.309 0.812 0 0.005
0.31 0.286 0 0.005
0.311 0.075 0 0.005
0.311 0.273 0 0.005
0.311 0.508 0 0.005
0.311 0.532 0 0.005
0.312 0.0022291666666666666 0 0.005
0.312 0.035 0 0.005
0.312 0.124 0 0.005
0.312 0.492 0 0.005
0.312 0.91 0 0.005
0.312 0.938 0 0.005
0.313 0.233 0 0.005
0.313 0.381 0 0.005
0.313 0.731 0 0.005
0.314 0.141 0 0.005
0.314 0.187 0 0.005
0.314 0.606 0 0.005
0.314 0.674 0 0.005
0.315 0.544 0 0.005
0.315 0.557 0 0.005
0.315 0.658 0 0.005
0.315 0.78 0 0.005
0.315 0.896 0 0.005
0.317 0.365 0 0.005
0.317 0.522 0 0.005
0.317 0.967 0 0.005
0.318 0.011 0 0.005
0.318 0.294 0 0.005
0.318 0.334 0 0.005
0.318 0.756 0 0.005
0.319 0.106 0 0.005
0.319 0.207 0 0.005
0.319 0.437 0 0.005
0.32 0.805 0 0.005
0.321 0.153 0 0.005
0.321 0.388 0 0.005
0.322 0.178 0 0.005
0.322 0.414 0 0.005
0.323 0.032 0 0.005
0.324 0.13 0 0.005
0.324 0.232 0 0.005
0.324 0.535 0 0.005
0.324 0.667 0 0.005
0.324 0.932 0 0.005
0.325 0.318 0 0.005
0.325 0.988 0 0.005
0.326 0.081 0 0.005
0.326 0.283 0 0.005
0.326 0.764 0 0.005
0.326 0.854 0 0.005
0.327 0.479 0 0.005
0.327 0.88 0 0.005
0.327 0.944 0 0.005
0.328 0.091 0 0.005
0.328 0.215 0 0.005
0.328 0.559 0 0.005
0.328 0.616 0 0.005
0.328 0.735 0 0.005
0.328 0.833 0 0.005
0.328 0.893 0 0.005
0.329 0.139 0 0.005
0.329 0.333 0 0.005
0.329 0.364 0 0.005
0.33 0.518 0 0.005
0.33 0.635 0 0.005
0.33 0.705 0 0.005
0.33 0.905 0 0.005
0.331 0.004 0 0.005
0.331 0.383 0 0.005
0.331 0.455 0 0.005
0.332 0.069 0 0.005
0.332 0.17 0 0.005
0.332 0.594 0 0.005
0.333 0.505 0 0.005
0.334 0.104 0 0.005
0.334 0.192 0 0.005
0.334 0.817 0 0.005
0.335 0.252 0 0.005
0.335 0.276 0 0.005
0.335 0.411 0 0.005
0.335 0.976 0 0.005
0.336 0.045 0 0.005
0.336 0.438 0 0.005
0.336 0.874 0 0.005
0.337 0.083 0 0.005
0.337 0.287 0 0.005
0.337 0.471 0 0.005
0.337 0.571 0 0.005
0.338 0.374 0 0.005
0.338 0.655 0 0.005
0.338 0.793 0 0.005
0.338 0.965 0 0.005
0.339 0.014 0 0.005
0.339 0.315 0 0.005
0.339 0.582 0 0.005
0.339 0.937 0 0.005
0.34 0.54 0 0.005
0.341 0.179 0 0.005
0.341 0.202 0 0.005
0.341 0.225 0 0.005
0.341 0.33 0 0.005
0.341 0.682 0 0.005
0.341 0.803 0 0.005
0.342 0.89 0 0.005
0.342 0.921 0 0.005
0.342 0.994 0 0.005
0.343 0.697 0 0.005
0.343 0.723 0 0.005
0.344 0.463 0 0.005
0.345 0.12 0 0.005
0.345 0.361 0 0.005
0.345 0.398 0 0.005
0.346 0.263 0 0.005
0.346 0.672 0 0.005
0.347 0.301 0 0.005
0.347 0.91 0 0.005
0.348 0.0017435897435897436 0 0.005
0.348 0.131 0 0.005
0.348 0.147 0 0.005
0.348 0.777 0 0.005
0.348 0.851 0 0.005
0.349 0.628 0 0.005
0.35 0.169 0 0.005
0.35 0.524 0 0.005
0.351 0.039 0 0.005
0.351 0.072 0 0.005
0.351 0.547 0 0.005
0.351 0.823 0 0.005
0.351 0.836 0 0.005
0.351 0.976 0 0.005
0.353 0.104 0 0.005
0.353 0.278 0 0.005
0.353 0.879 0 0.005
0.353 0.924 0 0.005
0.354 0.18 0 0.005
0.354 0.331 0 0.005
0.354 0.419 0 0.005
0.354 0.439 0 0.005
0.354 0.687 0 0.005
0.354 0.731 0 0.005
0.355 0.29 0 0.005
0.355 0.373 0 0.005
0.356 0.706 0 0.005
0.357 0.457 0 0.005
0.357 0.539 0 0.005
0.357 0.943 0 0.005
0.358 0.815 0 0.005
0.358 0.955 0 0.005
0.358 0.99 0 0.005
0.359 0.241 0 0.005
0.359 0.86 0 0.005
0.361 0.148 0 0.005
0.361 0.229 0 0.005
0.361 0.766 0 0.005
0.361 0.897 0 0.005
0.362 0.0033125 0 0.005
0.362 0.191 0 0.005
0.362 0.362 0 0.005
0.362 0.387 0 0.005
0.362 0.473 0 0.005
0.363 0.311 0 0.005
0.363 0.616 0 0.005
0.363 0.68 0 0.005
0.364 0.118 0 0.005
0.364 0.43 0 0.005
0.365 0.491 0 0.005
0.365 0.937 0 0.005
0.366 0.067 0 0.005
0.366 0.282 0 0.005
0.367 0.218 0 0.005
0.368 0.708 0 0.005
0.368 0.824 0 0.005
0.369 0.258 0 0.005
0.369 0.293 0 0.005
0.369 0.637 0 0.005
0.369 0.891 0 0.005
0.369 0.982 0 0.005
0.37 0.34 0 0.005
0.37 0.531 0 0.005
0.37 0.852 0 0.005
0.371 0.134 0 0.005
0.371 0.503 0 0.005
0.371 0.624 0 0.005
0.371 0.813 0 0.005
0.37 0.0 0 0.005
0.372 0.012 0 0.005
0.372 0.667 0 0.005
0.372 0.901 0 0.005
0.373 0.484 0 0.005
0.373 0.729 0 0.005
0.374 0.043 0 0.005
0.376 0.306 0 0.005
0.377 0.1 0 0.005
0.377 0.147 0 0.005
0.377 0.213 0 0.005
0.377 0.243 0 0.005
0.377 0.41 0 0.005
0.377 0.613 0 0.005
0.378 0.713 0 0.005
0.378 0.767 0 0.005
0.378 0.788 0 0.005
0.379 0.777 0 0.005
0.379 0.8 0 0.005
0.379 0.9977333333333334 0 0.005
0.38 0.194 0 0.005
0.38 0.467 0 0.005
0.38 0.589 0 0.005
0.381 0.08 0 0.005
0.381 0.552 0 0.005
0.382 0.135 0 0.005
0.382 0.893 0 0.005
0.383 0.368 0 0.005
0.383 0.422 0 0.005
0.383 0.698 0 0.005
0.384 0.325 0 0.005
0.384 0.503 0 0.005
0.384 0.529 0 0.005
0.384 0.755 0 0.005
0.384 0.934 0 0.005
0.385 0.054 0 0.005
0.385 0.125 0 0.005
0.386 0.089 0 0.005
0.386 0.343 0 0.005
0.387 0.019 0 0.005
0.387 0.293 0 0.005
0.387 0.847 0 0.005
0.388 0.742 0 0.005
0.388 0.814 0 0.005
0.388 0.874 0 0.005
0.389 0.005 0 0.005
0.389 0.188 0 0.005
0.389 0.393 0 0.005
0.389 0.476 0 0.005
0.389 0.602 0 0.005
0.39 0.787 0 0.005
0.391 0.278 0 0.005
0.391 0.585 0 0.005
0.391 0.641 0 0.005
0.391 0.704 0 0.005
0.391 0.989 0 0.005
0.392 0.955 0 0.005
0.393 0.038 0 0.005
0.393 0.318 0 0.005
0.393 0.537 0 0.005
0.393 0.798 0 0.005
0.394 0.372 0 0.005
0.395 0.978 0 0.005
0.396 0.123 0 0.005
0.396 0.695 0 0.005
0.396 0.717 0 0.005
0.396 0.866 0 0.005
0.397 0.177 0 0.005
0.397 0.518 0 0.005
0.397 0.565 0 0.005
0.398 0.256 0 0.005
0.399 0.012 0 0.005
0.399 0.747 0 0.005
0.399 0.758 0 0.005
0.4 0.286 0 0.005
0.4 0.598 0 0.005
0.401 0.774 0 0.005
0.402 0.203 0 0.005
0.402 0.665 0 0.005
0.402 0.831 0 0.005
0.404 0.314 0 0.005
0.404 0.453 0 0.005
0.405 0.36 0 0.005
0.405 0.932 0 0.005
0.406 0.021 0 0.005
0.406 0.087 0 0.005
0.406 0.218 0 0.005
0.406 0.415 0 0.005
0.406 0.684 0 0.005
0.407 0.263 0 0.005
0.407 0.636 0 0.005
0.407 0.7 0 0.005
0.407 0.922 0 0.005
0.407 0.988 0 0.005
0.408 0.148 0 0.005
0.408 0.525 0 0.005
0.408 0.736 0 0.005
0.409 0.131 0 0.005
0.409 0.392 0 0.005
0.409 0.964 0 0.005
0.411 0.103 0 0.005
0.411 0.251 0 0.005
0.411 0.331 0 0.005
0.411 0.559 0 0.005
0.412 0.041 0 0.005
0.412 0.574 0 0.005
0.412 0.746 0 0.005
0.412 0.786 0 0.005
0.413 0.172 0 0.005
0.413 0.229 0 0.005
0.413 0.656 0 0.005
0.413 0.713 0 0.005
0.413 0.832 0 0.005
0.414 0.725 0 0.005
0.414 0.938 0 0.005
0.415 0.901 0 0.005
0.416 0.024 0 0.005
0.416 0.203 0 0.005
0.416 0.376 0 0.005
0.416 0.54 0 0.005
0.417 0.155 0 0.005
0.417 0.421 0 0.005
0.417 0.871 0 0.005
0.417 0.913 0 0.005
0.418 0.345 0 0.005
0.419 0.295 0 0.005
0.419 0.499 0 0.005
0.42 0.076 0 0.005
0.42 0.959 0 0.005
0.419 0.0 0 0.005
0.421 0.56 0 0.005
0.422 0.483 0 0.005
0.422 0.608 0 0.005
0.423 0.116 0 0.005
0.423 0.635 0 0.005
0.423 0.691 0 0.005
0.423 0.705 0 0.005
0.423 0.776 0 0.005
0.423 0.949 0 0.005
0.423 0.971 0 0.005
0.423 0.9967708333333334 0 0.005
0.424 0.04 0 0.005
0.424 0.065 0 0.005
0.424 0.795 0 0.005
0.425 0.1 0 0.005
0.425 0.428 0 0.005
0.426 0.03 0 0.005
0.426 0.133 0 0.005
0.426 0.284 0 0.005
0.426 0.514 0 0.005
0.426 0.988 0 0.005
0.427 0.051 0 0.005
0.427 0.207 0 0.005
0.427 0.624 0 0.005
0.427 0.671 0 0.005
0.428 0.187 0 0.005
0.428 0.474 0 0.005
0.428 0.817 0 0.005
0.43 0.464 0 0.005
0.431 0.391 0 0.005
0.431 0.888 0 0.005
0.432 0.177 0 0.005
0.432 0.22 0 0.005
0.432 0.539 0 0.005
0.433 0.554 0 0.005
0.433 0.588 0 0.005
0.433 0.839 0 0.005
0.434 0.488 0 0.005
0.434 0.572 0 0.005
0.434 0.744 0 0.005
0.434 0.942 0 0.005
0.434 0.9972564102564103 0 0.005
0.435 0.109 0 0.005
0.436 0.011 0 0.005
0.436 0.162 0 0.005
0.436 0.248 0 0.005
0.436 0.283 0 0.005
0.436 0.307 0 0.005
0.436 0.514 0 0.005
0.436 0.869 0 0.005
0.437 0.052 0 0.005
0.437 0.202 0 0.005
0.437 0.456 0 0.005
0.437 0.73 0 0.005
0.437 0.804 0 0.005
0.438 0.234 0 0.005
0.438 0.344 0 0.005
0.438 0.368 0 0.005
0.438 0.969 0 0.005
0.439 0.142 0 0.005
0.439 0.261 0 0.005
0.44 0.19 0 0.005
0.44 0.715 0 0.005
0.44 0.912 0 0.005
0.441 0.02 0 0.005
0.441 0.48 0 0.005
0.441 0.656 0 0.005
0.443 0.63 0 0.005
0.443 0.641 0 0.005
0.443 0.823 0 0.005
0.444 0.079 0 0.005
0.444 0.328 0 0.005
0.444 0.446 0 0.005
0.445 0.157 0 0.005
0.445 0.509 0 0.005
0.445 0.542 0 0.005
0.445 0.618 0 0.005
0.445 0.706 0 0.005
0.445 0.88 0 0.005
0.446 0.117 0 0.005
0.446 0.225 0 0.005
0.446 0.251 0 0.005
0.446 0.468 0 0.005
0.446 0.672 0 0.005
0.447 0.007 0 0.005
0.447 0.417 0 0.005
0.447 0.497 0 0.005
0.447 0.684 0 0.005
0.447 0.769 0 0.005
0.447 0.862 0 0.005
0.448 0.923 0 0.005
0.449 0.097 0 0.005
0.451 0.129 0 0.005
0.451 0.234 0 0.005
0.451 0.852 0 0.005
0.452 0.031 0 0.005
0.452 0.261 0 0.005
0.452 0.726 0 0.005
0.452 0.743 0 0.005
0.452 0.809 0 0.005
0.453 0.169 0 0.005
0.453 0.757 0 0.005
0.454 0.641 0 0.005
0.454 0.892 0 0.005
0.455 0.146 0 0.005
0.455 0.582 0 0.005
0.455 0.62 0 0.005
0.456 0.042 0 0.005
0.456 0.332 0 0.005
0.456 0.347 0 0.005
0.456 0.63 0 0.005
0.456 0.679 0 0.005
0.457 0.377 0 0.005
0.458 0.418 0 0.005
0.458 0.552 0 0.005
0.458 0.735 0 0.005
0.459 0.313 0 0.005
0.46 0.072 0 0.005
0.46 0.665 0 0.005
0.46 0.873 0 0.005
0.46 0.924 0 0.005
0.46 0.949 0 0.005
0.461 0.16 0 0.005
0.461 0.765 0 0.005
0.462 0.27 0 0.005
0.462 0.72 0 0.005
0.463 0.137 0 0.005
0.463 0.287 0 0.005
0.463 0.69 0 0.005
0.463 0.991 0 0.005
0.464 0.032 0 0.005
0.464 0.248 0 0.005
0.462 0.999 0 0.005
0.465 0.087 0 0.005
0.465 0.478 0 0.005
0.465 0.654 0 0.005
0.465 0.968 0 0.005
0.466 0.792 0 0.005
0.466 0.958 0 0.005
0.467 0.495 0 0.005
0.467 0.508 0 0.005
0.467 0.62 0 0.005
0.467 0.848 0 0.005
0.468 0.405 0 0.005
0.468 0.71 0 0.005
0.468 0.829 0 0.005
0.469 0.01 0 0.005
0.469 0.576 0 0.005
0.47 0.145 0 0.005
0.47 0.166 0 0.005
0.47 0.234 0 0.005
0.47 0.368 0 0.005
0.47 0.441 0 0.005
0.47 0.667 0 0.005
0.47 0.905 0 0.005
0.471 0.394 0 0.005
0.472 0.877 0 0.005
0.473 0.099 0 0.005
0.473 0.86 0 0.005
0.473 0.9956875 0 0.005
0.474 0.186 0 0.005
0.474 0.348 0 0.005
0.474 0.527 0 0.005
0.475 0.258 0 0.005
0.475 0.451 0 0.005
0.475 0.538 0 0.005
0.475 0.644 0 0.005
0.475 0.718 0 0.005
0.475 0.732 0 0.005
0.474 0.0 0 0.005
0.477 0.317 0 0.005
0.477 0.516 0 0.005
0.477 0.888 0 0.005
0.477 0.925 0 0.005
0.478 0.485 0 0.005
0.478 0.565 0 0.005
0.479 0.47 0 0.005
0.48 0.548 0 0.005
0.48 0.593 0 0.005
0.48 0.987 0 0.005
0.481 0.031 0 0.005
0.481 0.425 0 0.005
0.481 0.701 0 0.005
0.481 0.899 0 0.005
0.482 0.051 0 0.005
0.482 0.437 0 0.005
0.483 0.227 0 0.005
0.483 0.913 0 0.005
0.484 0.077 0 0.005
0.484 0.752 0 0.005
0.485 0.194 0 0.005
0.485 0.204 0 0.005
0.485 0.459 0 0.005
0.485 0.681 0 0.005
0.485 0.713 0 0.005
0.485 0.9967708333333334 0 0.005
0.486 0.802 0 0.005
0.486 0.972 0 0.005
0.487 0.006 0 0.005
0.487 0.216 0 0.005
0.487 0.671 0 0.005
0.487 0.821 0 0.005
0.488 0.127 0 0.005
0.488 0.366 0 0.005
0.488 0.4 0 0.005
0.488 0.477 0 0.005
0.488 0.857 0 0.005
0.488 0.869 0 0.005
0.489 0.62 0 0.005
0.49 0.113 0 0.005
0.49 0.246 0 0.005
0.49 0.51 0 0.005
0.49 0.577 0 0.005
0.49 0.923 0 0.005
0.491 0.39 0 0.005
0.491 0.418 0 0.005
0.491 0.493 0 0.005
0.491 0.645 0 0.005
0.492 0.153 0 0.005
0.492 0.631 0 0.005
0.492 0.746 0 0.005
0.493 0.023 0 0.005
0.493 0.166 0 0.005
0.493 0.289 0 0.005
0.493 0.538 0 0.005
0.493 0.779 0 0.005
0.493 0.905 0 0.005
0.493 0.946 0 0.005
0.494 0.563 0 0.005
0.495 0.08 0 0.005
0.495 0.329 0 0.005
0.495 0.344 0 0.005
0.495 0.463 0 0.005
0.495 0.527 0 0.005
0.495 0.832 0 0.005
0.496 0.208 0 0.005
0.497 0.312 0 0.005
0.497 0.691 0 0.005
0.498 0.035 0 0.005
0.498 0.587 0 0.005
0.498 0.995 0 0.005
0.499 0.189 0 0.005
0.499 0.934 0 0.005
0.5 0.362 0 0.005
0.5 0.764 0 0.005
0.5 0.794 0 0.005
0.501 0.056 0 0.005
0.501 0.097 0 0.005
0.501 0.512 0 0.005
0.501 0.623 0 0.005
0.501 0.713 0 0.005
0.502 0.381 0 0.005
0.503 0.304 0 0.005
0.503 0.723 0 0.005
0.503 0.855 0 0.005
0.503 0.913 0 0.005
0.504 0.008 0 0.005
0.504 0.338 0 0.005
0.504 0.352 0 0.005
0.504 0.883 0 0.005
0.504 0.97 0 0.005
0.505 0.171 0 0.005
0.505 0.395 0 0.005
0.505 0.407 0 0.005
0.506 0.259 0 0.005
0.506 0.843 0 0.005
0.507 0.289 0 0.005
0.507 0.567 0 0.005
0.508 0.738 0 0.005
0.509 0.438 0 0.005
0.509 0.451 0 0.005
0.509 0.487 0 0.005
0.51 0.278 0 0.005
0.51 0.324 0 0.005
0.511 0.141 0 0.005
0.512 0.026 0 0.005
0.512 0.098 0 0.005
0.512 0.644 0 0.005
0.512 0.9 0 0.005
0.512 0.942 0 0.005
0.512 0.981 0 0.005
0.514 0.056 0 0.005
0.514 0.076 0 0.005
0.514 0.22 0 0.005
0.514 0.536 0 0.005
0.515 0.314 0 0.005
0.515 0.352 0 0.005
0.515 0.376 0 0.005
0.515 0.46 0 0.005
0.515 0.631 0 0.005
0.515 0.913 0 0.005
0.516 0.041 0 0.005
0.516 0.392 0 0.005
0.516 0.606 0 0.005
0.516 0.621 0 0.005
0.517 0.481 0 0.005
0.518 0.854 0 0.005
0.518 0.961 0 0.005
0.52 0.287 0 0.005
0.52 0.44 0 0.005
0.52 0.698 0 0.005
0.52 0.708 0 0.005
0.521 0.244 0 0.005
0.521 0.864 0 0.005
0.521 0.995 0 0.005
0.522 0.451 0 0.005
0.522 0.676 0 0.005
0.522 0.722 0 0.005
0.522 0.892 0 0.005
0.523 0.068 0 0.005
0.523 0.206 0 0.005
0.524 0.025 0 0.005
0.524 0.172 0 0.005
0.524 0.362 0 0.005
0.524 0.513 0 0.005
0.525 0.155 0 0.005
0.525 0.465 0 0.005
0.525 0.772 0 0.005
0.526 0.135 0 0.005
0.526 0.581 0 0.005
0.526 0.745 0 0.005
0.527 0.981 0 0.005
0.528 0.103 0 0.005
0.528 0.299 0 0.005
0.528 0.4 0 0.005
0.529 0.257 0 0.005
0.529 0.352 0 0.005
0.53 0.017 0 0.005
0.53 0.197 0 0.005
0.53 0.417 0 0.005
0.53 0.428 0 0.005
0.53 0.485 0 0.005
0.53 0.824 0 0.005
0.531 0.212 0 0.005
0.531 0.227 0 0.005
0.531 0.617 0 0.005
0.531 0.671 0 0.005
0.531 0.785 0 0.005
0.532 0.629 0 0.005
0.532 0.913 0 0.005
0.533 0.113 0 0.005
0.533 0.164 0 0.005
0.533 0.682 0 0.005
0.533 0.711 0 0.005
0.533 0.799 0 0.005
0.534 0.048 0 0.005
0.534 0.558 0 0.005
0.534 0.643 0 0.005
0.534 0.865 0 0.005
0.535 0.178 0 0.005
0.535 0.975 0 0.005
0.536 0.142 0 0.005
0.536 0.248 0 0.005
0.536 0.271 0 0.005
0.536 0.32 0 0.005
0.536 0.334 0 0.005
0.536 0.569 0 0.005
0.537 0.509 0 0.005
0.538 0.073 0 0.005
0.538 0.104 0 0.005
0.538 0.691 0 0.005
0.538 0.767 0 0.005
0.538 0.0 0 0.005
0.54 0.298 0 0.005
0.541 0.452 0 0.005
0.542 0.941 0 0.005
0.543 0.061 0 0.005
0.543 0.876 0 0.005
0.543 0.983 0 0.005
0.544 0.223 0 0.005
0.545 0.177 0 0.005
0.545 0.35 0 0.005
0.545 0.38 0 0.005
0.545 0.523 0 0.005
0.545 0.71 0 0.005
0.546 0.318 0 0.005
0.546 0.803 0 0.005
0.547 0.033 0 0.005
0.547 0.563 0 0.005
0.548 0.601 0 0.005
0.548 0.721 0 0.005
0.549 0.68 0 0.005
0.55 0.2 0 0.005
0.55 0.497 0 0.005
0.55 0.698 0 0.005
0.55 0.971 0 0.005
0.551 0.069 0 0.005
0.551 0.642 0 0.005
0.551 0.743 0 0.005
0.551 0.756 0 0.005
0.552 0.0022291666666666666 0 0.005
0.553 0.767 0 0.005
0.553 0.922 0 0.005
0.554 0.118 0 0.005
0.554 0.135 0 0.005
0.554 0.343 0 0.005
0.554 0.418 0 0.005
0.555 0.256 0 0.005
0.555 0.43 0 0.005
0.555 0.66 0 0.005
0.555 0.831 0 0.005
0.556 0.093 0 0.005
0.556 0.292 0 0.005
0.556 0.385 0 0.005
0.556 0.708 0 0.005
0.556 0.797 0 0.005
0.556 0.818 0 0.005
0.557 0.025 0 0.005
0.557 0.168 0 0.005
0.557 0.244 0 0.005
0.557 0.845 0 0.005
0.557 0.9977333333333334 0 0.005
0.558 0.545 0 0.005
0.558 0.99 0 0.005
0.559 0.464 0 0.005
0.559 0.598 0 0.005
0.56 0.014 0 0.005
0.56 0.155 0 0.005
0.56 0.208 0 0.005
0.56 0.475 0 0.005
0.56 0.67 0 0.005
0.56 0.937 0 0.005
0.561 0.648 0 0.005
0.562 0.188 0 0.005
0.562 0.277 0 0.005
0.562 0.319 0 0.005
0.562 0.728 0 0.005
0.563 0.059 0 0.005
0.563 0.363 0 0.005
0.564 0.0004166666666666667 0 0.005
0.565 0.082 0 0.005
0.565 0.448 0 0.005
0.565 0.837 0 0.005
0.566 0.711 0 0.005
0.566 0.871 0 0.005
0.567 0.028 0 0.005
0.567 0.198 0 0.005
0.567 0.293 0 0.005
0.567 0.82 0 0.005
0.568 0.233 0 0.005
0.568 0.249 0 0.005
0.568 0.38 0 0.005
0.569 0.688 0 0.005
0.57 0.587 0 0.005
0.57 0.74 0 0.005
0.57 0.772 0 0.005
0.571 0.433 0 0.005
0.572 0.014 0 0.005
0.572 0.102 0 0.005
0.572 0.571 0 0.005
0.573 0.135 0 0.005
0.573 0.488 0 0.005
0.573 0.621 0 0.005
0.573 0.783 0 0.005
0.574 0.241 0 0.005
0.574 0.863 0 0.005
0.574 0.967 0 0.005
0.575 0.517 0 0.005
0.575 0.843 0 0.005
0.576 0.644 0 0.005
0.576 0.919 0 0.005
0.577 0.073 0 0.005
0.578 0.206 0 0.005
0.578 0.397 0 0.005
0.578 0.693 0 0.005
0.578 0.714 0 0.005
0.578 0.726 0 0.005
0.578 0.763 0 0.005
0.579 0.376 0 0.005
0.579 0.99 0 0.005
0.58 0.605 0 0.005
0.58 0.665 0 0.005
0.58 0.802 0 0.005
0.581 0.791 0 0.005
0.582 0.532 0 0.005
0.582 0.683 0 0.005
0.583 0.318 0 0.005
0.583 0.363 0 0.005
0.583 0.636 0 0.005
0.584 0.431 0 0.005
0.584 0.543 0 0.005
0.585 0.268 0 0.005
0.585 0.45 0 0.005
0.585 0.842 0 0.005
0.585 0.935 0 0.005
0.586 0.172 0 0.005
0.587 0.382 0 0.005
0.588 0.134 0 0.005
0.588 0.737 0 0.005
0.588 0.973 0 0.005
0.589 0.414 0 0.005
0.589 0.703 0 0.005
0.591 0.112 0 0.005
0.591 0.283 0 0.005
0.591 0.627 0 0.005
0.591 0.792 0 0.005
0.591 0.96 0 0.005
0.592 0.614 0 0.005
0.593 0.008 0 0.005
0.593 0.395 0 0.005
0.593 0.506 0 0.005
0.593 0.548 0 0.005
0.593 0.588 0 0.005
0.594 0.087 0 0.005
0.594 0.571 0 0.005
0.594 0.926 0 0.005
0.595 0.819 0 0.005
0.595 0.995 0 0.005
0.596 0.17 0 0.005
0.596 0.469 0 0.005
0.596 0.647 0 0.005
0.596 0.75 0 0.005
0.597 0.037 0 0.005
0.598 0.21 0 0.005
0.598 0.341 0 0.005
0.598 0.83 0 0.005
0.598 0.866 0 0.005
0.599 0.104 0 0.005
0.599 0.373 0 0.005
0.6 0.053 0 0.005
0.6 0.122 0 0.005
0.6 0.895 0 0.005
0.6 0.909 0 0.005
0.601 0.29 0 0.005
0.601 0.766 0 0.005
0.601 0.842 0 0.005
0.602 0.324 0 0.005
0.602 0.351 0 0.005
0.602 0.388 0 0.005
0.602 0.884 0 0.005
0.603 0.222 0 0.005
0.603 0.26 0 0.005
0.603 0.485 0 0.005
0.603 0.6 0 0.005
0.605 0.074 0 0.005
0.605 0.249 0 0.005
0.605 0.449 0 0.005
0.606 0.9956875 0 0.005
0.607 0.158 0 0.005
0.607 0.61 0 0.005
0.607 0.621 0 0.005
0.607 0.726 0 0.005
0.607 0.967 0 0.005
0.609 0.047 0 0.005
0.609 0.504 0 0.005
0.609 0.663 0 0.005
0.609 0.929 0 0.005
0.61 0.013 0 0.005
0.61 0.202 0 0.005
0.61 0.741 0 0.005
0.611 0.273 0 0.005
0.612 0.63 0 0.005
0.613 0.33 0 0.005
0.613 0.392 0 0.005
0.613 0.477 0 0.005
0.613 0.849 0 0.005
0.614 0.406 0 0.005
0.616 0.315 0 0.005
0.616 0.363 0 0.005
0.616 0.46 0 0.005
0.616 0.488 0 0.005
0.616 0.903 0 0.005
0.617 0.153 0 0.005
0.617 0.233 0 0.005
0.617 0.565 0 0.005
0.617 0.677 0 0.005
0.617 0.948 0 0.005
0.618 0.135 0 0.005
0.618 0.711 0 0.005
0.619 0.588 0 0.005
0.62 0.058 0 0.005
0.62 0.102 0 0.005
0.62 0.384 0 0.005
0.62 0.691 0 0.005
0.621 0.541 0 0.005
0.621 0.638 0 0.005
0.622 0.622 0 0.005
0.622 0.804 0 0.005
0.623 0.893 0 0.005
0.623 0.918 0 0.005
0.624 0.021 0 0.005
0.624 0.29 0 0.005
0.624 0.988 0 0.005
0.625 0.21 0 0.005
0.625 0.496 0 0.005
0.625 0.506 0 0.005
0.626 0.466 0 0.005
0.626 0.865 0 0.005
0.627 0.743 0 0.005
0.627 0.775 0 0.005
0.628 0.554 0 0.005
0.628 0.754 0 0.005
0.629 0.578 0 0.005
0.629 0.955 0 0.005
0.63 0.161 0 0.005
0.63 0.693 0 0.005
0.63 0.942 0 0.005
0.631 0.077 0 0.005
0.631 0.118 0 0.005
0.631 0.542 0 0.005
0.632 0.009 0 0.005
0.632 0.605 0 0.005
0.632 0.622 0 0.005
0.633 0.141 0 0.005
0.633 0.423 0 0.005
0.633 0.477 0 0.005
0.633 0.524 0 0.005
0.633 0.8 0 0.005
0.633 0.851 0 0.005
0.633 0.917 0 0.005
0.634 0.187 0 0.005
0.634 0.198 0 0.005
0.634 0.818 0 0.005
0.634 0.98 0 0.005
0.634 0.992 0 0.005
0.635 0.359 0 0.005
0.636 0.321 0 0.005
0.636 0.647 0 0.005
0.637 0.49 0 0.005
0.637 0.783 0 0.005
0.638 0.033 0 0.005
0.638 0.233 0 0.005
0.638 0.906 0 0.005
0.639 0.177 0 0.005
0.639 0.504 0 0.005
0.639 0.724 0 0.005
0.64 0.068 0 0.005
0.641 0.374 0 0.005
0.641 0.845 0 0.005
0.641 0.967 0 0.005
0.643 0.348 0 0.005
0.643 0.409 0 0.005
0.643 0.446 0 0.005
0.643 0.698 0 0.005
0.643 0.708 0 0.005
0.643 0.813 0 0.005
0.645 0.121 0 0.005
0.645 0.254 0 0.005
0.646 0.33 0 0.005
0.646 0.574 0 0.005
0.646 0.795 0 0.005
0.647 0.31 0 0.005
0.647 0.855 0 0.005
0.648 0.007 0 0.005
0.648 0.047 0 0.005
0.648 0.218 0 0.005
0.649 0.098 0 0.005
0.649 0.267 0 0.005
0.649 0.659 0 0.005
0.649 0.88 0 0.005
0.649 0.907 0 0.005
0.649 0.921 0 0.005
0.649 0.98 0 0.005
0.65 0.134 0 0.005
0.65 0.168 0 0.005
0.65 0.805 0 0.005
0.65 0.865 0 0.005
0.651 0.202 0 0.005
0.651 0.36 0 0.005
0.651 0.373 0 0.005
0.652 0.079 0 0.005
0.652 0.515 0 0.005
0.652 0.593 0 0.005
0.653 0.151 0 0.005
0.653 0.344 0 0.005
0.653 0.398 0 0.005
0.653 0.419 0 0.005
0.654 0.226 0 0.005
0.654 0.242 0 0.005
0.654 0.736 0 0.005
0.656 0.183 0 0.005
0.657 0.462 0 0.005
0.657 0.696 0 0.005
0.658 0.615 0 0.005
0.658 0.664 0 0.005
0.658 0.895 0 0.005
0.658 0.988 0 0.005
0.659 0.911 0 0.005
0.66 0.163 0 0.005
0.66 0.441 0 0.005
0.66 0.628 0 0.005
0.66 0.711 0 0.005
0.66 0.964 0 0.005
0.661 0.126 0 0.005
0.661 0.138 0 0.005
0.662 0.022 0 0.005
0.662 0.385 0 0.005
0.662 0.427 0 0.005
0.662 0.641 0 0.005
0.662 0.651 0 0.005
0.662 0.676 0 0.005
0.662 0.853 0 0.005
0.663 0.286 0 0.005
0.663 0.552 0 0.005
0.664 0.234 0 0.005
0.664 0.723 0 0.005
0.664 0.938 0 0.005
0.665 0.456 0 0.005
0.665 0.603 0 0.005
0.665 0.838 0 0.005
0.666 0.689 0 0.005
0.667 0.085 0 0.005
0.667 0.272 0 0.005
0.667 0.79 0 0.005
0.667 0.9981904761904762 0 0.005
0.668 0.099 0 0.005
0.668 0.926 0 0.005
0.669 0.184 0 0.005
0.669 0.568 0 0.005
0.67 0.064 0 0.005
0.67 0.223 0 0.005
0.67 0.619 0 0.005
0.67 0.755 0 0.005
0.671 0.049 0 0.005
0.671 0.119 0 0.005
0.671 0.171 0 0.005
0.671 0.742 0 0.005
0.671 0.773 0 0.005
0.672 0.644 0 0.005
0.672 0.716 0 0.005
0.673 0.285 0 0.005
0.673 0.494 0 0.005
0.673 0.855 0 0.005
0.674 0.508 0 0.005
0.674 0.522 0 0.005
0.674 0.629 0 0.005
0.674 0.887 0 0.005
0.674 0.915 0 0.005
0.676 0.207 0 0.005
0.676 0.328 0 0.005
0.676 0.693 0 0.005
0.677 0.191 0 0.005
0.677 0.944 0 0.005
0.678 0.254 0 0.005
0.678 0.271 0 0.005
0.678 0.437 0 0.005
0.678 0.902 0 0.005
0.679 0.413 0 0.005
0.679 0.819 0 0.005
0.68 0.085 0 0.005
0.68 0.673 0 0.005
0.68 0.838 0 0.005
0.681 0.649 0 0.005
0.681 0.964 0 0.005
0.682 0.102 0 0.005
0.684 0.199 0 0.005
0.684 0.287 0 0.005
0.684 0.393 0 0.005
0.684 0.422 0 0.005
0.684 0.924 0 0.005
0.685 0.055 0 0.005
0.685 0.134 0 0.005
0.685 0.24 0 0.005
0.685 0.56 0 0.005
0.685 0.768 0 0.005
0.686 0.119 0 0.005
0.686 0.884 0 0.005
0.687 0.83 0 0.005
0.689 0.044 0 0.005
0.689 0.209 0 0.005
0.689 0.511 0 0.005
0.689 0.533 0 0.005
0.689 0.604 0 0.005
0.689 0.852 0 0.005
0.689 0.869 0 0.005
0.69 0.004 0 0.005
0.69 0.631 0 0.005
0.69 0.976 0 0.005
0.691 0.158 0 0.005
0.691 0.681 0 0.005
0.693 0.452 0 0.005
0.693 0.805 0 0.005
0.694 0.408 0 0.005
0.694 0.496 0 0.005
0.694 0.9956875 0 0.005
0.695 0.194 0 0.005
0.695 0.316 0 0.005
0.695 0.578 0 0.005
0.695 0.657 0 0.005
0.695 0.724 0 0.005
0.695 0.841 0 0.005
0.695 0.905 0 0.005
0.696 0.147 0 0.005
0.696 0.223 0 0.005
0.697 0.357 0 0.005
0.697 0.431 0 0.005
0.697 0.541 0 0.005
0.697 0.824 0 0.005
0.698 0.123 0 0.005
0.698 0.306 0 0.005
0.699 0.071 0 0.005
0.699 0.09 0 0.005
0.699 0.64 0 0.005
0.7 0.133 0 0.005
0.7 0.294 0 0.005
0.7 0.978 0 0.005
0.701 0.514 0 0.005
0.701 0.679 0 0.005
0.701 0.852 0 0.005
0.702 0.391 0 0.005
0.702 0.754 0 0.005
0.703 0.375 0 0.005
0.703 0.419 0 0.005
0.703 0.596 0 0.005
0.703 0.62 0 0.005
0.703 0.834 0 0.005
0.704 0.101 0 0.005
0.704 0.239 0 0.005
0.704 0.711 0 0.005
0.704 0.942 0 0.005
0.705 0.343 0 0.005
0.705 0.55 0 0.005
0.705 0.885 0 0.005
0.705 0.953 0 0.005
0.706 0.17 0 0.005
0.706 0.215 0 0.005
0.706 0.484 0 0.005
0.707 0.192 0 0.005
0.707 0.658 0 0.005
0.708 0.249 0 0.005
0.708 0.741 0 0.005
0.709 0.302 0 0.005
0.709 0.358 0 0.005
0.709 0.7 0 0.005
0.709 0.796 0 0.005
0.71 0.018 0 0.005
0.71 0.472 0 0.005
0.71 0.505 0 0.005
0.71 0.574 0 0.005
0.71 0.9956875 0 0.005
0.711 0.135 0 0.005
0.711 0.28 0 0.005
0.711 0.608 0 0.005
0.711 0.688 0 0.005
0.711 0.824 0 0.005
0.711 0.93 0 0.005
0.712 0.037 0 0.005
0.712 0.905 0 0.005
0.713 0.079 0 0.005
0.714 0.109 0 0.005
0.714 0.123 0 0.005
0.714 0.204 0 0.005
0.714 0.291 0 0.005
0.714 0.561 0 0.005
0.715 0.404 0 0.005
0.715 0.458 0 0.005
0.715 0.671 0 0.005
0.716 0.095 0 0.005
0.716 0.618 0 0.005
0.716 0.754 0 0.005
0.716 0.868 0 0.005
0.717 0.179 0 0.005
0.717 0.481 0 0.005
0.718 0.065 0 0.005
0.718 0.256 0 0.005
0.718 0.785 0 0.005
0.718 0.804 0 0.005
0.718 0.816 0 0.005
0.718 0.832 0 0.005
0.719 0.231 0 0.005
0.719 0.955 0 0.005
0.72 0.324 0 0.005
0.72 0.362 0 0.005
0.72 0.97 0 0.005
0.721 0.217 0 0.005
0.721 0.692 0 0.005
0.723 0.041 0 0.005
0.724 0.284 0 0.005
0.724 0.507 0 0.005
0.724 0.635 0 0.005
0.724 0.734 0 0.005
0.725 0.247 0 0.005
0.725 0.49 0 0.005
0.725 0.521 0 0.005
0.725 0.763 0 0.005
0.726 0.422 0 0.005
0.726 0.874 0 0.005
0.726 0.934 0 0.005
0.727 0.608 0 0.005
0.728 0.074 0 0.005
0.728 0.996280701754386 0 0.005
0.729 0.451 0 0.005
0.729 0.0004166666666666667 0 0.005
0.73 0.202 0 0.005
0.73 0.723 0 0.005
0.73 0.749 0 0.005
0.73 0.982 0 0.005
0.731 0.099 0 0.005
0.731 0.118 0 0.005
0.731 0.152 0 0.005
0.732 0.345 0 0.005
0.732 0.513 0 0.005
0.732 0.971 0 0.005
0.733 0.788 0 0.005
0.734 0.265 0 0.005
0.734 0.332 0 0.005
0.734 0.575 0 0.005
0.735 0.595 0 0.005
0.735 0.846 0 0.005
0.736 0.109 0 0.005
0.736 0.675 0 0.005
0.736 0.762 0 0.005
0.737 0.413 0 0.005
0.737 0.809 0 0.005
0.737 0.99 0 0.005
0.738 0.389 0 0.005
0.738 0.919 0 0.005
0.74 0.192 0 0.005
0.74 0.351 0 0.005
0.74 0.454 0 0.005
0.74 0.648 0 0.005
0.741 0.438 0 0.005
0.741 0.858 0 0.005
0.742 0.041 0 0.005
0.742 0.08 0 0.005
0.742 0.121 0 0.005
0.742 0.173 0 0.005
0.742 0.289 0 0.005
0.742 0.521 0 0.005
0.742 0.545 0 0.005
0.742 0.93 0 0.005
0.744 0.248 0 0.005
0.744 0.362 0 0.005
0.744 0.841 0 0.005
0.745 0.463 0 0.005
0.745 0.495 0 0.005
0.745 0.688 0 0.005
0.746 0.059 0 0.005
0.747 0.024 0 0.005
0.747 0.555 0 0.005
0.748 0.159 0 0.005
0.748 0.268 0 0.005
0.748 0.744 0 0.005
0.749 0.339 0 0.005
0.749 0.655 0 0.005
0.75 0.228 0 0.005
0.75 0.632 0 0.005
0.75 0.822 0 0.005
0.751 0.603 0 0.005
0.752 0.577 0 0.005
0.753 0.036 0 0.005
0.753 0.076 0 0.005
0.753 0.131 0 0.005
0.753 0.192 0 0.005
0.753 0.443 0 0.005
0.753 0.713 0 0.005
0.753 0.875 0 0.005
0.754 0.283 0 0.005
0.754 0.483 0 0.005
0.754 0.885 0 0.005
0.755 0.097 0 0.005
0.756 0.065 0 0.005
0.756 0.331 0 0.005
0.756 0.522 0 0.005
0.756 0.971 0 0.005
0.757 0.173 0 0.005
0.757 0.212 0 0.005
0.757 0.68 0 0.005
0.757 0.838 0 0.005
0.758 0.008 0 0.005
0.758 0.412 0 0.005
0.759 0.512 0 0.005
0.759 0.663 0 0.005
0.76 0.729 0 0.005
0.761 0.267 0 0.005
0.761 0.607 0 0.005
0.761 0.765 0 0.005
0.762 0.162 0 0.005
0.762 0.563 0 0.005
0.762 0.741 0 0.005
0.763 0.424 0 0.005
0.764 0.041 0 0.005
0.764 0.143 0 0.005
0.764 0.475 0 0.005
0.764 0.906 0 0.005
0.765 0.094 0 0.005
0.765 0.224 0 0.005
0.765 0.439 0 0.005
0.765 0.457 0 0.005
0.765 0.498 0 0.005
0.766 0.817 0 0.005
0.767 0.313 0 0.005
0.767 0.38 0 0.005
0.767 0.963 0 0.005
0.768 0.636 0 0.005
0.768 0.798 0 0.005
0.768 0.869 0 0.005
0.769 0.053 0 0.005
0.769 0.129 0 0.005
0.769 0.241 0 0.005
0.769 0.257 0 0.005
0.769 0.55 0 0.005
0.769 0.774 0 0.005
0.77 0.626 0 0.005
0.77 0.647 0 0.005
0.77 0.732 0 0.005
0.771 0.157 0 0.005
0.772 0.326 0 0.005
0.772 0.399 0 0.005
0.772 0.948 0 0.005
0.773 0.078 0 0.005
0.773 0.448 0 0.005
0.774 0.147 0 0.005
0.774 0.898 0 0.005
0.775 0.111 0 0.005
0.775 0.223 0 0.005
0.775 0.274 0 0.005
0.775 0.489 0 0.005
0.775 0.856 0 0.005
0.775 0.933 0 0.005
0.777 0.683 0 0.005
0.778 0.042 0 0.005
0.778 0.25 0 0.005
0.778 0.532 0 0.005
0.778 0.542 0 0.005
0.778 0.609 0 0.005
0.779 0.065 0 0.005
0.779 0.522 0 0.005
0.779 0.815 0 0.005
0.779 0.83 0 0.005
0.779 0.9967708333333334 0 0.005
0.78 0.304 0 0.005
0.78 0.355 0 0.005
0.78 0.423 0 0.005
0.78 0.628 0 0.005
0.781 0.32 0 0.005
0.781 0.763 0 0.005
0.782 0.023 0 0.005
0.782 0.386 0 0.005
0.782 0.908 0 0.005
0.783 0.124 0 0.005
0.783 0.72 0 0.005
0.785 0.593 0 0.005
0.785 0.781 0 0.005
0.785 0.895 0 0.005
0.785 0.989 0 0.005
0.787 0.195 0 0.005
0.787 0.368 0 0.005
0.787 0.959 0 0.005
0.788 0.223 0 0.005
0.788 0.657 0 0.005
0.789 0.008 0 0.005
0.789 0.114 0 0.005
0.789 0.506 0 0.005
0.789 0.562 0 0.005
0.789 0.645 0 0.005
0.789 0.832 0 0.005
0.79 0.297 0 0.005
0.79 0.736 0 0.005
0.79 0.746 0 0.005
0.79 0.866 0 0.005
0.79 0.929 0 0.005
0.791 0.138 0 0.005
0.791 0.21 0 0.005
0.791 0.254 0 0.005
0.791 0.343 0 0.005
0.791 0.411 0 0.005
0.791 0.426 0 0.005
0.792 0.071 0 0.005
0.792 0.485 0 0.005
0.792 0.615 0 0.005
0.792 0.918 0 0.005
0.794 0.029 0 0.005
0.794 0.163 0 0.005
0.794 0.879 0 0.005
0.795 0.319 0 0.005
0.795 0.498 0 0.005
0.797 0.101 0 0.005
0.797 0.271 0 0.005
0.797 0.666 0 0.005
0.797 0.85 0 0.005
0.797 0.967 0 0.005
0.798 0.19 0 0.005
0.798 0.544 0 0.005
0.798 0.606 0 0.005
0.798 0.632 0 0.005
0.798 0.9967708333333334 0 0.005
0.799 0.436 0 0.005
0.799 0.651 0 0.005
0.8 0.392 0 0.005
0.8 0.711 0 0.005
0.801 0.518 0 0.005
0.802 0.045 0 0.005
0.802 0.121 0 0.005
0.802 0.777 0 0.005
0.802 0.952 0 0.005
0.803 0.22 0 0.005
0.803 0.678 0 0.005
0.803 0.699 0 0.005
0.804 0.035 0 0.005
0.805 0.019 0 0.005
0.805 0.453 0 0.005
0.806 0.351 0 0.005
0.806 0.872 0 0.005
0.807 0.057 0 0.005
0.807 0.2 0 0.005
0.807 0.378 0 0.005
0.807 0.806 0 0.005
0.808 0.188 0 0.005
0.808 0.412 0 0.005
0.809 0.477 0 0.005
0.809 0.59 0 0.005
0.809 0.914 0 0.005
0.81 0.432 0 0.005
0.812 0.272 0 0.005
0.812 0.69 0 0.005
0.812 0.75 0 0.005
0.812 0.77 0 0.005
0.812 0.789 0 0.005
0.813 0.07 0 0.005
0.813 0.39 0 0.005
0.813 0.606 0 0.005
0.813 0.836 0 0.005
0.813 0.975 0 0.005
0.814 0.041 0 0.005
0.814 0.292 0 0.005
0.814 0.545 0 0.005
0.815 0.134 0 0.005
0.815 0.15 0 0.005
0.815 0.524 0 0.005
0.815 0.988 0 0.005
0.816 0.5 0 0.005
0.817 0.31 0 0.005
0.817 0.729 0 0.005
0.817 0.76 0 0.005
0.817 0.927 0 0.005
0.818 0.512 0 0.005
0.818 0.901 0 0.005
0.82 0.358 0 0.005
0.82 0.441 0 0.005
0.82 0.669 0 0.005
0.821 0.452 0 0.005
0.821 0.482 0 0.005
0.822 0.103 0 0.005
0.822 0.118 0 0.005
0.822 0.17 0 0.005
0.822 0.427 0 0.005
0.822 0.704 0 0.005
0.823 0.007 0 0.005
0.823 0.233 0 0.005
0.823 0.581 0 0.005
0.823 0.636 0 0.005
0.823 0.874 0 0.005
0.824 0.267 0 0.005
0.824 0.539 0 0.005
0.825 0.718 0 0.005
0.825 0.945 0 0.005
0.826 0.128 0 0.005
0.826 0.8 0 0.005
0.826 0.819 0 0.005
0.827 0.549 0 0.005
0.828 0.391 0 0.005
0.828 0.463 0 0.005
0.828 0.688 0 0.005
0.829 0.078 0 0.005
0.829 0.341 0 0.005
0.829 0.748 0 0.005
0.829 0.933 0 0.005
0.83 0.437 0 0.005
0.83 0.501 0 0.005
0.831 0.293 0 0.005
0.831 0.593 0 0.005
0.831 0.994 0 0.005
0.832 0.225 0 0.005
0.832 0.258 0 0.005
0.832 0.321 0 0.005
0.832 0.653 0 0.005
0.833 0.108 0 0.005
0.833 0.791 0 0.005
0.833 0.873 0 0.005
0.833 0.9 0 0.005
0.834 0.355 0 0.005
0.834 0.427 0 0.005
0.834 0.67 0 0.005
0.835 0.023 0 0.005
0.835 0.207 0 0.005
0.835 0.573 0 0.005
0.835 0.77 0 0.005
0.836 0.193 0 0.005
0.836 0.825 0 0.005
0.836 0.856 0 0.005
0.837 0.403 0 0.005
0.837 0.701 0 0.005
0.838 0.238 0 0.005
0.838 0.449 0 0.005
0.838 0.711 0 0.005
0.839 0.081 0 0.005
0.84 0.744 0 0.005
0.841 0.036 0 0.005
0.841 0.092 0 0.005
0.841 0.533 0 0.005
0.841 0.8 0 0.005
0.841 0.991 0 0.005
0.842 0.049 0 0.005
0.842 0.391 0 0.005
0.842 0.476 0 0.005
0.842 0.756 0 0.005
0.843 0.17 0 0.005
0.843 0.68 0 0.005
0.843 0.892 0 0.005
0.843 0.928 0 0.005
0.843 0.976 0 0.005
0.844 0.228 0 0.005
0.844 0.607 0 0.005
0.844 0.844 0 0.005
0.844 0.953 0 0.005
0.845 0.117 0 0.005
0.845 0.316 0 0.005
0.845 0.419 0 0.005
0.846 0.197 0 0.005
0.846 0.244 0 0.005
0.846 0.457 0 0.005
0.846 0.622 0 0.005
0.847 0.499 0 0.005
0.847 0.78 0 0.005
0.848 0.071 0 0.005
0.848 0.588 0 0.005
0.848 0.658 0 0.005
0.849 0.0008095238095238096 0 0.005
0.849 0.15 0 0.005
0.849 0.214 0 0.005
0.849 0.559 0 0.005
0.85 0.351 0 0.005
0.85 0.405 0 0.005
0.851 0.06 0 0.005
0.851 0.093 0 0.005
0.851 0.27 0 0.005
0.851 0.305 0 0.005
0.852 0.63 0 0.005
0.852 0.724 0 0.005
0.852 0.816 0 0.005
0.852 0.902 0 0.005
0.853 0.108 0 0.005
0.853 0.529 0 0.005
0.853 0.599 0 0.005
0.853 0.871 0 0.005
0.854 0.326 0 0.005
0.854 0.701 0 0.005
0.854 0.744 0 0.005
0.854 0.947 0 0.005
0.854 0.988 0 0.005
0.855 0.015 0 0.005
0.855 0.492 0 0.005
0.855 0.714 0 0.005
0.856 0.043 0 0.005
0.856 0.618 0 0.005
0.856 0.86 0 0.005
0.857 0.77 0 0.005
0.857 0.973 0 0.005
0.858 0.135 0 0.005
0.859 0.12 0 0.005
0.859 0.506 0 0.005
0.859 0.828 0 0.005
0.86 0.005 0 0.005
0.86 0.071 0 0.005
0.861 0.19 0 0.005
0.861 0.254 0 0.005
0.861 0.636 0 0.005
0.861 0.688 0 0.005
0.862 0.221 0 0.005
0.862 0.464 0 0.005
0.862 0.52 0 0.005
0.862 0.841 0 0.005
0.862 0.954 0 0.005
0.863 0.056 0 0.005
0.863 0.39 0 0.005
0.864 0.028 0 0.005
0.864 0.171 0 0.005
0.864 0.454 0 0.005
0.865 0.411 0 0.005
0.865 0.898 0 0.005
0.865 0.937 0 0.005
0.866 0.156 0 0.005
0.868 0.322 0 0.005
0.869 0.089 0 0.005
0.87 0.401 0 0.005
0.87 0.423 0 0.005
0.87 0.584 0 0.005
0.871 0.252 0 0.005
0.871 0.306 0 0.005
0.871 0.374 0 0.005
0.871 0.821 0 0.005
0.872 0.178 0 0.005
0.872 0.696 0 0.005
0.872 0.741 0 0.005
0.872 0.8 0 0.005
0.874 0.031 0 0.005
0.874 0.352 0 0.005
0.874 0.472 0 0.005
0.874 0.518 0 0.005
0.875 0.009 0 0.005
0.875 0.338 0 0.005
0.875 0.412 0 0.005
0.875 0.896 0 0.005
0.875 0.932 0 0.005
0.876 0.573 0 0.005
0.876 0.81 0 0.005
0.876 0.982 0 0.005
0.877 0.048 0 0.005
0.877 0.24 0 0.005
0.877 0.498 0 0.005
0.877 0.531 0 0.005
0.877 0.609 0 0.005
0.877 0.906 0 0.005
0.878 0.126 0 0.005
0.878 0.156 0 0.005
0.878 0.626 0 0.005
0.879 0.095 0 0.005
0.879 0.876 0 0.005
0.88 0.227 0 0.005
0.88 0.556 0 0.005
0.88 0.833 0 0.005
0.881 0.074 0 0.005
0.881 0.295 0 0.005
0.881 0.361 0 0.005
0.881 0.392 0 0.005
0.881 0.599 0 0.005
0.881 0.917 0 0.005
0.882 0.025 0 0.005
0.882 0.33 0 0.005
0.883 0.195 0 0.005
0.883 0.262 0 0.005
0.883 0.447 0 0.005
0.883 0.462 0 0.005
0.884 0.143 0 0.005
0.884 0.217 0 0.005
0.884 0.283 0 0.005
0.884 0.662 0 0.005
0.885 0.041 0 0.005
0.885 0.996280701754386 0 0.005
0.886 0.007 0 0.005
0.886 0.686 0 0.005
0.886 0.822 0 0.005
0.886 0.956 0 0.005
0.887 0.058 0 0.005
0.887 0.313 0 0.005
0.887 0.495 0 0.005
0.887 0.615 0 0.005
0.887 0.8 0 0.005
0.888 0.243 0 0.005
0.889 0.081 0 0.005
0.889 0.166 0 0.005
0.889 0.372 0 0.005
0.889 0.936 0 0.005
0.89 0.55 0 0.005
0.89 0.788 0 0.005
0.891 0.409 0 0.005
0.891 0.425 0 0.005
0.891 0.715 0 0.005
0.891 0.744 0 0.005
0.892 0.571 0 0.005
0.892 0.599 0 0.005
0.892 0.911 0 0.005
0.894 0.125 0 0.005
0.894 0.21 0 0.005
0.894 0.258 0 0.005
0.894 0.397 0 0.005
0.894 0.698 0 0.005
0.895 0.199 0 0.005
0.895 0.362 0 0.005
0.895 0.447 0 0.005
0.895 0.666 0 0.005
0.895 0.773 0 0.005
0.895 0.988 0 0.005
0.896 0.138 0 0.005
0.896 0.503 0 0.005
0.896 0.761 0 0.005
0.896 0.878 0 0.005
0.896 0.901 0 0.005
0.897 0.89 0 0.005
0.897 0.956 0 0.005
0.898 0.233 0 0.005
0.898 0.33 0 0.005
0.898 0.47 0 0.005
0.899 0.865 0 0.005
0.899 0.941 0 0.005
0.9 0.057 0 0.005
0.901 0.02 0 0.005
0.901 0.283 0 0.005
0.901 0.526 0 0.005
0.901 0.537 0 0.005
0.902 0.293 0 0.005
0.903 0.728 0 0.005
0.903 0.788 0 0.005
0.903 0.973 0 0.005
0.904 0.157 0 0.005
0.904 0.671 0 0.005
0.904 0.745 0 0.005
0.905 0.218 0 0.005
0.905 0.622 0 0.005
0.906 0.51 0 0.005
0.907 0.119 0 0.005
0.907 0.931 0 0.005
0.908 0.204 0 0.005
0.908 0.261 0 0.005
0.908 0.392 0 0.005
0.908 0.461 0 0.005
0.908 0.77 0 0.005
0.909 0.098 0 0.005
0.909 0.595 0 0.005
0.909 0.706 0 0.005
0.91 0.025 0 0.005
0.91 0.143 0 0.005
0.91 0.235 0 0.005
0.91 0.329 0 0.005
0.91 0.418 0 0.005
0.911 0.013 0 0.005
0.911 0.251 0 0.005
0.911 0.967 0 0.005
0.911 0.986 0 0.005
0.912 0.957 0 0.005
0.913 0.358 0 0.005
0.913 0.568 0 0.005
0.914 0.654 0 0.005
0.915 0.791 0 0.005
0.916 0.546 0 0.005
0.916 0.69 0 0.005
0.916 0.75 0 0.005
0.917 0.68 0 0.005
0.917 0.892 0 0.005
0.918 0.946 0 0.005
0.919 0.429 0 0.005
0.919 0.455 0 0.005
0.919 0.728 0 0.005
0.919 0.809 0 0.005
0.919 0.841 0 0.005
0.919 0.924 0 0.005
0.92 0.393 0 0.005
0.92 0.492 0 0.005
0.92 0.586 0 0.005
0.921 0.006 0 0.005
0.921 0.049 0 0.005
0.921 0.225 0 0.005
0.921 0.408 0 0.005
0.921 0.507 0 0.005
0.921 0.701 0 0.005
0.922 0.24 0 0.005
0.923 0.203 0 0.005
0.923 0.365 0 0.005
0.923 0.521 0 0.005
0.923 0.571 0 0.005
0.925 0.178 0 0.005
0.925 0.419 0 0.005
0.925 0.554 0 0.005
0.925 0.907 0 0.005
0.926 0.116 0 0.005
0.926 0.304 0 0.005
0.926 0.62 0 0.005
0.927 0.996280701754386 0 0.005
0.928 0.289 0 0.005
0.928 0.447 0 0.005
0.928 0.481 0 0.005
0.928 0.634 0 0.005
0.928 0.777 0 0.005
0.928 0.836 0 0.005
0.93 0.328 0 0.005
0.93 0.471 0 0.005
0.93 0.754 0 0.005
0.93 0.925 0 0.005
0.93 0.975 0 0.005
0.931 0.0012666666666666666 0 0.005
0.932 0.405 0 0.005
0.933 0.076 0 0.005
0.933 0.139 0 0.005
0.933 0.517 0 0.005
0.934 0.062 0 0.005
0.934 0.172 0 0.005
0.934 0.69 0 0.005
0.935 0.025 0 0.005
0.935 0.269 0 0.005
0.935 0.985 0 0.005
0.936 0.091 0 0.005
0.936 0.343 0 0.005
0.936 0.387 0 0.005
0.936 0.74 0 0.005
0.936 0.887 0 0.005
0.937 0.109 0 0.005
0.937 0.209 0 0.005
0.937 0.281 0 0.005
0.937 0.56 0 0.005
0.937 0.847 0 0.005
0.937 0.897 0 0.005
0.938 0.24 0 0.005
0.938 0.996280701754386 0 0.005
0.939 0.365 0 0.005
0.939 0.812 0 0.005
0.94 0.158 0 0.005
0.94 0.424 0 0.005
0.94 0.71 0 0.005
0.941 0.505 0 0.005
0.941 0.588 0 0.005
0.941 0.8 0 0.005
0.942 0.1 0 0.005
0.942 0.294 0 0.005
0.942 0.731 0 0.005
0.942 0.782 0 0.005
0.943 0.826 0 0.005
0.944 0.054 0 0.005
0.945 0.118 0 0.005
0.945 0.253 0 0.005
0.945 0.567 0 0.005
0.945 0.696 0 0.005
0.945 0.936 0 0.005
0.946 0.865 0 0.005
0.947 0.022 0 0.005
0.947 0.525 0 0.005
0.948 0.331 0 0.005
0.948 0.444 0 0.005
0.948 0.487 0 0.005
0.948 0.723 0 0.005
0.948 0.9981904761904762 0 0.005
0.949 0.187 0 0.005
0.949 0.498 0 0.005
0.949 0.648 0 0.005
0.95 0.312 0 0.005
0.95 0.398 0 0.005
0.95 0.579 0 0.005
0.951 0.475 0 0.005
0.951 0.755 0 0.005
0.951 0.904 0 0.005
0.952 0.17 0 0.005
0.952 0.841 0 0.005
0.953 0.0022291666666666666 0 0.005
0.953 0.614 0 0.005
0.953 0.631 0 0.005
0.953 0.707 0 0.005
0.955 0.268 0 0.005
0.955 0.669 0 0.005
0.956 0.215 0 0.005
0.956 0.345 0 0.005
0.956 0.658 0 0.005
0.956 0.987 0 0.005
0.957 0.044 0 0.005
0.957 0.424 0 0.005
0.957 0.959 0 0.005
0.958 0.681 0 0.005
0.958 0.742 0 0.005
0.958 0.888 0 0.005
0.959 0.015 0 0.005
0.959 0.378 0 0.005
0.959 0.501 0 0.005
0.96 0.692 0 0.005
0.96 0.803 0 0.005
0.96 0.918 0 0.005
0.961 0.44 0 0.005
0.961 0.527 0 0.005
0.962 0.304 0 0.005
0.962 0.314 0 0.005
0.962 0.825 0 0.005
0.963 0.466 0 0.005
0.964 0.096 0 0.005
0.964 0.869 0 0.005
0.964 0.995 0 0.005
0.965 0.512 0 0.005
0.965 0.716 0 0.005
0.966 0.156 0 0.005
0.966 0.546 0 0.005
0.967 0.215 0 0.005
0.967 0.619 0 0.005
0.968 0.571 0 0.005
0.969 0.111 0 0.005
0.969 0.582 0 0.005
0.969 0.593 0 0.005
0.97 0.661 0 0.005
0.97 0.848 0 0.005
0.97 0.942 0 0.005
0.971 0.391 0 0.005
0.971 0.438 0 0.005
0.971 0.525 0 0.005
0.972 0.079 0 0.005
0.972 0.64 0 0.005
0.972 0.966 0 0.005
0.973 0.296 0 0.005
0.973 0.862 0 0.005
0.974 0.008 0 0.005
0.974 0.239 0 0.005
0.974 0.276 0 0.005
0.974 0.328 0 0.005
0.974 0.744 0 0.005
0.975 0.733 0 0.005
0.975 0.913 0 0.005
0.976 0.163 0 0.005
0.977 0.469 0 0.005
0.977 0.706 0 0.005
0.977 0.791 0 0.005
0.977 0.95 0 0.005
0.978 0.092 0 0.005
0.978 0.379 0 0.005
0.978 0.871 0 0.005
0.979 0.058 0 0.005
0.979 0.175 0 0.005
0.979 0.533 0 0.005
0.98 0.133 0 0.005
0.98 0.479 0 0.005
0.98 0.84 0 0.005
0.98 0.9967708333333334 0 0.005
0.981 0.152 0 0.005
0.981 0.717 0 0.005
0.981 0.757 0 0.005
0.982 0.117 0 0.005
0.982 0.208 0 0.005
0.982 0.353 0 0.005
0.982 0.638 0 0.005
0.983 0.033 0 0.005
0.983 0.51 0 0.005
0.983 0.597 0 0.005
0.983 0.939 0 0.005
0.983 0.977 0 0.005
0.984 0.078 0 0.005
0.984 0.196 0 0.005
0.984 0.666 0 0.005
0.985 0.0033125 0 0.005
0.985 0.307 0 0.005
0.986 0.491 0 0.005
0.987 0.219 0 0.005
0.987 0.327 0 0.005
0.988 0.441 0 0.005
0.988 0.462 0 0.005
0.988 0.856 0 0.005
0.988 0.873 0 0.005
0.989 0.174 0 0.005
0.99 0.607 0 0.005
0.99 0.651 0 0.005
0.99 0.683 0 0.005
0.991 0.1 0 0.005
0.991 0.268 0 0.005
0.992 0.519 0 0.005
0.992 0.772 0 0.005
0.993 0.72 0 0.005
0.993 0.815 0 0.005
0.993 0.885 0 0.005
0.995 0.205 0 0.005
0.995 0.424 0 0.005
0.995 0.74 0 0.005
0.995 0.994 0 0.005
0.9956875 0.304 0 0.005
0.9956875 0.364 0 0.005
0.9956875 0.587 0 0.005
0.9956875 0.76 0 0.005
0.9956875 0.939 0 0.005
0.996280701754386 0.036 0 0.005
0.996280701754386 0.141 0 0.005
0.996280701754386 0.248 0 0.005
0.996280701754386 0.827 0 0.005
0.9967708333333334 0.405 0 0.005
0.9967708333333334 0.465 0 0.005
0.9967708333333334 0.695 0 0.005
0.9967708333333334 0.798 0 0.005
0.9972564102564103 0.235 0 0.005
0.9972564102564103 0.35 0 0.005
0.9972564102564103 0.387 0 0.005
0.9972564102564103 0.868 0 0.005
0.9977333333333334 0.109 0 0.005
0.9977333333333334 0.276 0 0.005
0.9977333333333334 0.497 0 0.005
0.9977333333333334 0.554 0 0.005
0.9977333333333334 0.918 0 0.005
0.9981904761904762 0.642 0 0.005
0.9981904761904762 0.851 0 0.005
0.9985833333333334 0.975 0 0.005
0.999 0.054 0 0.005
0.999 0.182 0 0.005
0.999 0.216 0 0.005
0.999 0.324 0 0.005
0.999 0.623 0 0.005
0.999 0.883 0 0.005
