0.0008095238095238096 0.022 0 0.005
0.0012666666666666666 0.111 0 0.005
0.0004166666666666667 0.19 0 0.005
0.002719298245614035 0.31 0 0.005
0.0012666666666666666 0.326 0 0.005
0.0017435897435897436 0.471 0 0.005
0.0004166666666666667 0.506 0 0.005
0.0022291666666666666 0.558 0 0.005
0.0 0.635 0 0.005
0.0004166666666666667 0.684 0 0.005
0.004 0.842 0 0.005
0.0 0.931 0 0.005
0.005 0.264 0 0.005
0.005 0.669 0 0.005
0.005 0.901 0 0.005
0.006 0.517 0 0.005
0.007 0.094 0 0.005
0.008 0.278 0 0.005
0.009 0.16 0 0.005
0.009 0.934 0 0.005
0.011 0.126 0 0.005
0.011 0.494 0 0.005
0.012 0.591 0 0.005
0.013 0.392 0 0.005
0.014 0.333 0 0.005
0.014 0.85 0 0.005
0.015 0.219 0 0.005
0.015 0.662 0 0.005
0.015 0.773 0 0.005
0.015 0.88 0 0.005
0.016 0.11 0 0.005
0.018 0.205 0 0.005
0.019 0.726 0 0.005
0.02 0.759 0 0.005
0.021 0.347 0 0.005
0.021 0.913 0 0.005
0.022 0.357 0 0.005
0.022 0.519 0 0.005
0.022 0.789 0 0.005
0.024 0.441 0 0.005
0.025 0.051 0 0.005
0.025 0.194 0 0.005
0.025 0.238 0 0.005
0.025 0.402 0 0.005
0.025 0.679 0 0.005
0.025 0.694 0 0.005
0.025 0.959 0 0.005
0.026 0.258 0 0.005
0.026 0.604 0 0.005
0.027 0.101 0 0.005
0.027 0.572 0 0.005
0.027 0.986 0 0.005
0.028 0.656 0 0.005
0.029 0.04 0 0.005
0.029 0.331 0 0.005
0.032 0.361 0 0.005
0.032 0.613 0 0.005
0.034 0.376 0 0.005
0.035 0.706 0 0.005
0.036 0.936 0 0.005
0.038 0.409 0 0.005
0.039 0.888 0 0.005
0.039 0.92 0 0.005
0.04 0.778 0 0.005
0.041 0.059 0 0.005
0.041 0.111 0 0.005
0.042 0.034 0 0.005
0.044 0.545 0 0.005
0.044 0.951 0 0.005
0.045 0.154 0 0.005
0.045 0.232 0 0.005
0.045 0.464 0 0.005
0.047 0.088 0 0.005
0.047 0.212 0 0.005
0.047 0.577 0 0.005
0.047 0.873 0 0.005
0.048 0.593 0 0.005
0.049 0.65 0 0.005
0.051 0.415 0 0.005
0.053 0.798 0 0.005
0.054 0.138 0 0.005
0.054 0.749 0 0.005
0.055 0.299 0 0.005
0.055 0.458 0 0.005
0.055 0.481 0 0.005
0.055 0.852 0 0.005
0.056 0.321 0 0.005
0.057 0.388 0 0.005
0.061 0.028 0 0.005
0.061 0.268 0 0.005
0.062 0.054 0 0.005
0.062 0.649 0 0.005
0.064 0.579 0 0.005
0.064 0.794 0 0.005
0.065 0.547 0 0.005
0.065 0.699 0 0.005
0.066 0.873 0 0.005
0.068 0.563 0 0.005
0.068 0.914 0 0.005
0.071 0.157 0 0.005
0.071 0.0 0 0.005
0.073 0.431 0 0.005
0.073 0.933 0 0.005
0.076 0.168 0 0.005
0.076 0.217 0 0.005
0.076 0.367 0 0.005
0.079 0.195 0 0.005
0.079 0.329 0 0.005
0.079 0.962 0 0.005
0.079 0.99 0 0.005
0.08 0.35 0 0.005
0.08 0.819 0 0.005
0.083 0.149 0 0.005
0.083 0.284 0 0.005
0.083 0.457 0 0.005
0.083 0.737 0 0.005
0.083 0.98 0 0.005
0.087 0.185 0 0.005
0.087 0.258 0 0.005
0.087 0.367 0 0.005
0.088 0.01 0 0.005
0.088 0.653 0 0.005
0.088 0.668 0 0.005
0.088 0.946 0 0.005
0.089 0.208 0 0.005
0.089 0.702 0 0.005
0.09 0.878 0 0.005
0.091 0.084 0 0.005
0.091 0.825 0 0.005
0.092 0.029 0 0.005
0.092 0.532 0 0.005
0.092 0.777 0 0.005
0.092 0.91 0 0.005
0.092 0.964 0 0.005
0.093 0.167 0 0.005
0.094 0.479 0 0.005
0.095 0.853 0 0.005
0.096 0.467 0 0.005
0.096 0.638 0 0.005
0.098 0.406 0 0.005
0.099 0.065 0 0.005
0.1 0.818 0 0.005
0.102 0.126 0 0.005
0.102 0.259 0 0.005
0.102 0.421 0 0.005
0.102 0.675 0 0.005
0.102 0.706 0 0.005
0.103 0.227 0 0.005
0.103 0.878 0 0.005
0.104 0.622 0 0.005
0.104 0.843 0 0.005
0.105 0.494 0 0.005
0.105 0.66 0 0.005
0.105 0.832 0 0.005
0.105 0.897 0 0.005
0.106 0.434 0 0.005
0.106 0.524 0 0.005
0.108 0.046 0 0.005
0.108 0.461 0 0.005
0.108 0.809 0 0.005
0.109 0.594 0 0.005
0.108 0.0 0 0.005
0.111 0.974 0 0.005
0.116 0.011 0 0.005
0.116 0.177 0 0.005
0.116 0.417 0 0.005
0.116 0.946 0 0.005
0.117 0.43 0 0.005
0.117 0.488 0 0.005
0.117 0.642 0 0.005
0.118 0.906 0 0.005
0.118 0.921 0 0.005
0.119 0.317 0 0.005
0.12 0.076 0 0.005
0.121 0.568 0 0.005
0.122 0.145 0 0.005
0.122 0.476 0 0.005
0.123 0.535 0 0.005
0.124 0.064 0 0.005
0.126 0.23 0 0.005
0.126 0.856 0 0.005
0.126 0.885 0 0.005
0.126 0.991 0 0.005
0.127 0.119 0 0.005
0.127 0.802 0 0.005
0.128 0.361 0 0.005
0.128 0.413 0 0.005
0.128 0.0004166666666666667 0 0.005
0.13 0.213 0 0.005
0.13 0.615 0 0.005
0.131 0.44 0 0.005
0.132 0.287 0 0.005
0.132 0.688 0 0.005
0.133 0.576 0 0.005
0.134 0.167 0 0.005
0.134 0.941 0 0.005
0.135 0.14 0 0.005
0.136 0.009 0 0.005
0.137 0.046 0 0.005
0.137 0.601 0 0.005
0.137 0.755 0 0.005
0.137 0.856 0 0.005
0.138 0.278 0 0.005
0.138 0.313 0 0.005
0.141 0.372 0 0.005
0.141 0.701 0 0.005
0.141 0.0004166666666666667 0 0.005
0.142 0.837 0 0.005
0.142 0.903 0 0.005
0.142 0.978 0 0.005
0.143 0.678 0 0.005
0.144 0.439 0 0.005
0.144 0.786 0 0.005
0.145 0.227 0 0.005
0.146 0.96 0 0.005
0.147 0.135 0 0.005
0.149 0.759 0 0.005
0.15 0.74 0 0.005
0.15 0.881 0 0.005
0.151 0.01 0 0.005
0.152 0.534 0 0.005
0.152 0.715 0 0.005
0.152 0.906 0 0.005
0.153 0.031 0 0.005
0.154 0.289 0 0.005
0.155 0.559 0 0.005
0.156 0.226 0 0.005
0.157 0.967 0 0.005
0.159 0.018 0 0.005
0.159 0.212 0 0.005
0.159 0.518 0 0.005
0.159 0.864 0 0.005
0.159 0.9956875 0 0.005
0.163 0.581 0 0.005
0.163 0.601 0 0.005
0.164 0.084 0 0.005
0.165 0.454 0 0.005
0.165 0.879 0 0.005
0.166 0.104 0 0.005
0.166 0.15 0 0.005
0.166 0.947 0 0.005
0.168 0.409 0 0.005
0.168 0.923 0 0.005
0.169 0.467 0 0.005
0.17 0.502 0 0.005
0.171 0.131 0 0.005
0.171 0.64 0 0.005
0.171 0.713 0 0.005
0.173 0.277 0 0.005
0.173 0.313 0 0.005
0.173 0.872 0 0.005
0.174 0.43 0 0.005
0.174 0.625 0 0.005
0.174 0.679 0 0.005
0.174 0.808 0 0.005
0.174 0.895 0 0.005
0.175 0.937 0 0.005
0.175 0.963 0 0.005
0.176 0.451 0 0.005
0.177 0.067 0 0.005
0.177 0.701 0 0.005
0.178 0.221 0 0.005
0.178 0.4 0 0.005
0.179 0.026 0 0.005
0.181 0.822 0 0.005
0.182 0.145 0 0.005
0.183 0.094 0 0.005
0.184 0.045 0 0.005
0.184 0.47 0 0.005
0.185 0.765 0 0.005
0.186 0.176 0 0.005
0.186 0.902 0 0.005
0.188 0.212 0 0.005
0.188 0.734 0 0.005
0.188 0.956 0 0.005
0.189 0.411 0 0.005
0.189 0.426 0 0.005
0.19 0.344 0 0.005
0.191 0.134 0 0.005
0.192 0.271 0 0.005
0.192 0.818 0 0.005
0.193 0.967 0 0.005
0.195 0.042 0 0.005
0.195 0.847 0 0.005
0.196 0.11 0 0.005
0.196 0.249 0 0.005
0.196 0.579 0 0.005
0.196 0.865 0 0.005
0.197 0.061 0 0.005
0.197 0.391 0 0.005
0.197 0.536 0 0.005
0.198 0.401 0 0.005
0.198 0.554 0 0.005
0.199 0.159 0 0.005
0.2 0.071 0 0.005
0.202 0.444 0 0.005
0.203 0.0017435897435897436 0 0.005
0.204 0.987 0 0.005
0.207 0.934 0 0.005
0.208 0.625 0 0.005
0.208 0.657 0 0.005
0.208 0.696 0 0.005
0.209 0.872 0 0.005
0.21 0.205 0 0.005
0.211 0.356 0 0.005
0.211 0.533 0 0.005
0.211 0.884 0 0.005
0.212 0.588 0 0.005
0.213 0.305 0 0.005
0.215 0.116 0 0.005
0.215 0.82 0 0.005
0.216 0.985 0 0.005
0.217 0.072 0 0.005
0.217 0.757 0 0.005
0.218 0.296 0 0.005
0.218 0.324 0 0.005
0.218 0.491 0 0.005
0.219 0.623 0 0.005
0.221 0.208 0 0.005
0.221 0.94 0 0.005
0.222 0.021 0 0.005
0.222 0.897 0 0.005
0.223 0.197 0 0.005
0.223 0.589 0 0.005
0.223 0.738 0 0.005
0.225 0.528 0 0.005
0.225 0.54 0 0.005
0.225 0.828 0 0.005
0.226 0.1 0 0.005
0.226 0.236 0 0.005
0.226 0.559 0 0.005
0.227 0.343 0 0.005
0.227 0.373 0 0.005
0.229 0.296 0 0.005
0.229 0.312 0 0.005
0.229 0.853 0 0.005
0.231 0.147 0 0.005
0.231 0.164 0 0.005
0.231 0.677 0 0.005
0.233 0.051 0 0.005
0.233 0.636 0 0.005
0.233 0.782 0 0.005
0.234 0.433 0 0.005
0.234 0.957 0 0.005
0.235 0.018 0 0.005
0.235 0.23 0 0.005
0.238 0.391 0 0.005
0.238 0.971 0 0.005
0.239 0.004 0 0.005
0.24 0.059 0 0.005
0.24 0.108 0 0.005
0.24 0.282 0 0.005
0.24 0.658 0 0.005
0.241 0.319 0 0.005
0.241 0.806 0 0.005
0.242 0.551 0 0.005
0.243 0.257 0 0.005
0.244 0.735 0 0.005
0.245 0.304 0 0.005
0.245 0.771 0 0.005
0.246 0.621 0 0.005
0.247 0.038 0 0.005
0.249 0.15 0 0.005
0.249 0.675 0 0.005
0.249 0.691 0 0.005
0.251 0.1 0 0.005
0.251 0.832 0 0.005
0.251 0.929 0 0.005
0.251 0.976 0 0.005
0.252 0.429 0 0.005
0.252 0.747 0 0.005
0.253 0.339 0 0.005
0.253 0.579 0 0.005
0.253 0.635 0 0.005
0.253 0.713 0 0.005
0.254 0.049 0 0.005
0.254 0.45 0 0.005
0.254 0.88 0 0.005
0.255 0.195 0 0.005
0.255 0.505 0 0.005
0.256 0.388 0 0.005
0.256 0.495 0 0.005
0.257 0.033 0 0.005
0.259 0.839 0 0.005
0.261 0.122 0 0.005
0.261 0.182 0 0.005
0.263 0.056 0 0.005
0.263 0.167 0 0.005
0.264 0.53 0 0.005
0.264 0.922 0 0.005
0.265 0.398 0 0.005
0.266 0.5 0 0.005
0.267 0.43 0 0.005
0.268 0.65 0 0.005
0.269 0.548 0 0.005
0.269 0.609 0 0.005
0.27 0.066 0 0.005
0.27 0.256 0 0.005
0.271 0.222 0 0.005
0.271 0.572 0 0.005
0.272 0.91 0 0.005
0.273 0.137 0 0.005
0.273 0.736 0 0.005
0.274 0.973 0 0.005
0.275 0.184 0 0.005
0.275 0.316 0 0.005
0.275 0.715 0 0.005
0.277 0.68 0 0.005
0.277 0.9981904761904762 0 0.005
0.278 0.622 0 0.005
0.28 0.783 0 0.005
0.282 0.192 0 0.005
0.282 0.893 0 0.005
0.283 0.576 0 0.005
0.286 0.018 0 0.005
0.286 0.266 0 0.005
0.287 0.0022291666666666666 0 0.005
0.287 0.795 0 0.005
0.289 0.122 0 0.005
0.289 0.283 0 0.005
0.289 0.847 0 0.005
0.29 0.477 0 0.005
0.29 0.936 0 0.005
0.291 0.992 0 0.005
0.292 0.644 0 0.005
0.292 0.859 0 0.005
0.293 0.438 0 0.005
0.293 0.556 0 0.005
0.293 0.895 0 0.005
0.294 0.496 0 0.005
0.296 0.155 0 0.005
0.297 0.027 0 0.005
0.297 0.467 0 0.005
0.298 0.341 0 0.005
0.298 0.45 0 0.005
0.299 0.662 0 0.005
0.303 0.313 0 0.005
0.303 0.938 0 0.005
0.304 0.226 0 0.005
0.306 0.078 0 0.005
0.306 0.198 0 0.005
0.307 0.708 0 0.005
0.307 0.915 0 0.005
0.308 0.018 0 0.005
0.308 0.419 0 0.005
0.308 0.718 0 0.005
0.309 0.447 0 0.005
0.31 0.052 0 0.005
0.31 0.407 0 0.005
0.31 0.99 0 0.005
0.312 0.0033125 0 0.005
0.312 0.274 0 0.005
0.314 0.345 0 0.005
0.314 0.644 0 0.005
0.316 0.537 0 0.005
0.316 0.869 0 0.005
0.318 0.116 0 0.005
0.318 0.91 0 0.005
0.319 0.526 0 0.005
0.319 0.632 0 0.005
0.319 0.942 0 0.005
0.32 0.854 0 0.005
0.321 0.033 0 0.005
0.321 0.099 0 0.005
0.321 0.789 0 0.005
0.321 0.88 0 0.005
0.322 0.154 0 0.005
0.324 0.619 0 0.005
0.326 0.14 0 0.005
0.329 0.284 0 0.005
0.329 0.356 0 0.005
0.329 0.716 0 0.005
0.33 0.383 0 0.005
0.33 0.498 0 0.005
0.33 0.956 0 0.005
0.331 0.178 0 0.005
0.331 0.765 0 0.005
0.331 0.826 0 0.005
0.332 0.469 0 0.005
0.332 0.488 0 0.005
0.332 0.796 0 0.005
0.333 0.421 0 0.005
0.333 0.654 0 0.005
0.333 0.781 0 0.005
0.334 0.011 0 0.005
0.336 0.226 0 0.005
0.337 0.866 0 0.005
0.338 0.571 0 0.005
0.34 0.142 0 0.005
0.341 0.607 0 0.005
0.342 0.365 0 0.005
0.342 0.88 0 0.005
0.343 0.068 0 0.005
0.343 0.259 0 0.005
0.348 0.578 0 0.005
0.349 0.73 0 0.005
0.349 0.868 0 0.005
0.35 0.453 0 0.005
0.35 0.678 0 0.005
0.351 0.649 0 0.005
0.351 0.803 0 0.005
0.351 0.952 0 0.005
0.353 0.47 0 0.005
0.353 0.767 0 0.005
0.356 0.375 0 0.005
0.356 0.619 0 0.005
0.357 0.06 0 0.005
0.357 0.983 0 0.005
0.358 0.218 0 0.005
0.359 0.117 0 0.005
0.359 0.35 0 0.005
0.361 0.137 0 0.005
0.361 0.882 0 0.005
0.364 0.729 0 0.005
0.364 0.754 0 0.005
0.365 0.089 0 0.005
0.365 0.192 0 0.005
0.367 0.538 0 0.005
0.367 0.703 0 0.005
0.368 0.488 0 0.005
0.369 0.552 0 0.005
0.369 0.622 0 0.005
0.369 0.852 0 0.005
0.37 0.391 0 0.005
0.371 0.576 0 0.005
0.371 0.862 0 0.005
0.372 0.37 0 0.005
0.372 0.502 0 0.005
0.372 0.924 0 0.005
0.373 0.0033125 0 0.005
0.373 0.359 0 0.005
0.374 0.969 0 0.005
0.375 0.076 0 0.005
0.375 0.175 0 0.005
0.375 0.438 0 0.005
0.376 0.253 0 0.005
0.378 0.799 0 0.005
0.38 0.13 0 0.005
0.38 0.425 0 0.005
0.38 0.683 0 0.005
0.381 0.341 0 0.005
0.381 0.492 0 0.005
0.381 0.597 0 0.005
0.382 0.184 0 0.005
0.383 0.754 0 0.005
0.385 0.02 0 0.005
0.385 0.55 0 0.005
0.386 0.088 0 0.005
0.386 0.916 0 0.005
0.387 0.703 0 0.005
0.388 0.232 0 0.005
0.388 0.649 0 0.005
0.389 0.375 0 0.005
0.389 0.825 0 0.005
0.39 0.009 0 0.005
0.39 0.119 0 0.005
0.391 0.219 0 0.005
0.391 0.412 0 0.005
0.391 0.726 0 0.005
0.393 0.097 0 0.005
0.393 0.275 0 0.005
0.394 0.461 0 0.005
0.394 0.559 0 0.005
0.394 0.996280701754386 0 0.005
0.395 0.194 0 0.005
0.396 0.477 0 0.005
0.396 0.657 0 0.005
0.398 0.838 0 0.005
0.399 0.167 0 0.005
0.399 0.807 0 0.005
0.401 0.061 0 0.005
0.401 0.719 0 0.005
0.401 0.866 0 0.005
0.402 0.583 0 0.005
0.404 0.397 0 0.005
0.404 0.453 0 0.005
0.406 0.085 0 0.005
0.406 0.103 0 0.005
0.406 0.819 0 0.005
0.407 0.236 0 0.005
0.407 0.261 0 0.005
0.408 0.696 0 0.005
0.41 0.492 0 0.005
0.411 0.127 0 0.005
0.411 0.479 0 0.005
0.412 0.138 0 0.005
0.414 0.464 0 0.005
0.414 0.746 0 0.005
0.416 0.781 0 0.005
0.417 0.524 0 0.005
0.418 0.0004166666666666667 0 0.005
0.419 0.231 0 0.005
0.42 0.451 0 0.005
0.42 0.571 0 0.005
0.42 0.661 0 0.005
0.42 0.916 0 0.005
0.421 0.054 0 0.005
0.421 0.481 0 0.005
0.422 0.143 0 0.005
0.422 0.35 0 0.005
0.422 0.546 0 0.005
0.422 0.707 0 0.005
0.424 0.027 0 0.005
0.424 0.206 0 0.005
0.424 0.717 0 0.005
0.425 0.327 0 0.005
0.425 0.502 0 0.005
0.427 0.289 0 0.005
0.427 0.797 0 0.005
0.428 0.605 0 0.005
0.429 0.253 0 0.005
0.429 0.424 0 0.005
0.429 0.822 0 0.005
0.43 0.301 0 0.005
0.431 0.935 0 0.005
0.433 0.058 0 0.005
0.433 0.217 0 0.005
0.434 0.099 0 0.005
0.436 0.325 0 0.005
0.438 0.289 0 0.005
0.438 0.415 0 0.005
0.438 0.575 0 0.005
0.438 0.922 0 0.005
0.439 0.85 0 0.005
0.44 0.563 0 0.005
0.44 0.72 0 0.005
0.441 0.177 0 0.005
0.442 0.207 0 0.005
0.443 0.02 0 0.005
0.444 0.231 0 0.005
0.444 0.27 0 0.005
0.444 0.878 0 0.005
0.445 0.352 0 0.005
0.445 0.384 0 0.005
0.446 0.98 0 0.005
0.447 0.437 0 0.005
0.447 0.617 0 0.005
0.448 0.37 0 0.005
0.448 0.674 0 0.005
0.448 0.796 0 0.005
0.45 0.887 0 0.005
0.451 0.07 0 0.005
0.452 0.765 0 0.005
0.453 0.562 0 0.005
0.453 0.701 0 0.005
0.454 0.205 0 0.005
0.454 0.357 0 0.005
0.455 0.4 0 0.005
0.456 0.165 0 0.005
0.456 0.334 0 0.005
0.457 0.244 0 0.005
0.457 0.428 0 0.005
0.458 0.057 0 0.005
0.458 0.28 0 0.005
0.458 0.621 0 0.005
0.458 0.715 0 0.005
0.459 0.495 0 0.005
0.46 0.106 0 0.005
0.46 0.523 0 0.005
0.46 0.592 0 0.005
0.462 0.295 0 0.005
0.462 0.575 0 0.005
0.462 0.996280701754386 0 0.005
0.463 0.475 0 0.005
0.464 0.08 0 0.005
0.464 0.763 0 0.005
0.465 0.812 0 0.005
0.466 0.151 0 0.005
0.466 0.978 0 0.005
0.467 0.91 0 0.005
0.469 0.049 0 0.005
0.469 0.173 0 0.005
0.47 0.695 0 0.005
0.471 0.731 0 0.005
0.474 0.393 0 0.005
0.476 0.808 0 0.005
0.477 0.907 0 0.005
0.478 0.412 0 0.005
0.479 0.586 0 0.005
0.479 0.621 0 0.005
0.48 0.61 0 0.005
0.48 0.972 0 0.005
0.481 0.332 0 0.005
0.481 0.427 0 0.005
0.483 0.866 0 0.005
0.484 0.494 0 0.005
0.484 0.561 0 0.005
0.484 0.735 0 0.005
0.485 0.384 0 0.005
0.485 0.54 0 0.005
0.485 0.694 0 0.005
0.486 0.601 0 0.005
0.486 0.953 0 0.005
0.487 0.062 0 0.005
0.487 0.358 0 0.005
0.487 0.65 0 0.005
0.488 0.151 0 0.005
0.488 0.797 0 0.005
0.488 0.807 0 0.005
0.488 0.918 0 0.005
0.489 0.291 0 0.005
0.49 0.018 0 0.005
0.49 0.622 0 0.005
0.488 0.999 0 0.005
0.491 0.585 0 0.005
0.494 0.278 0 0.005
0.494 0.391 0 0.005
0.495 0.104 0 0.005
0.495 0.498 0 0.005
0.496 0.98 0 0.005
0.497 0.226 0 0.005
0.497 0.86 0 0.005
0.498 0.641 0 0.005
0.498 0.664 0 0.005
0.499 0.679 0 0.005
0.499 0.954 0 0.005
0.5 0.331 0 0.005
0.502 0.385 0 0.005
0.502 0.41 0 0.005
0.502 0.737 0 0.005
0.504 0.311 0 0.005
0.506 0.176 0 0.005
0.508 0.607 0 0.005
0.508 0.864 0 0.005
0.508 0.973 0 0.005
0.511 0.049 0 0.005
0.511 0.08 0 0.005
0.511 0.136 0 0.005
0.511 0.4 0 0.005
0.511 0.567 0 0.005
0.511 0.673 0 0.005
0.512 0.148 0 0.005
0.512 0.482 0 0.005
0.512 0.947 0 0.005
0.513 0.598 0 0.005
0.513 0.755 0 0.005
0.514 0.286 0 0.005
0.519 0.108 0 0.005
0.519 0.642 0 0.005
0.52 0.979 0 0.005
0.521 0.99 0 0.005
0.522 0.626 0 0.005
0.523 0.036 0 0.005
0.523 0.186 0 0.005
0.523 0.614 0 0.005
0.523 0.83 0 0.005
0.524 0.093 0 0.005
0.524 0.172 0 0.005
0.525 0.857 0 0.005
0.526 0.435 0 0.005
0.526 0.573 0 0.005
0.527 0.503 0 0.005
0.527 0.766 0 0.005
0.528 0.155 0 0.005
0.528 0.382 0 0.005
0.529 0.066 0 0.005
0.529 0.356 0 0.005
0.53 0.34 0 0.005
0.53 0.946 0 0.005
0.531 0.606 0 0.005
0.532 0.8 0 0.005
0.534 0.186 0 0.005
0.536 0.168 0 0.005
0.536 0.736 0 0.005
0.537 0.21 0 0.005
0.537 0.252 0 0.005
0.538 0.572 0 0.005
0.538 0.594 0 0.005
0.538 0.717 0 0.005
0.539 0.553 0 0.005
0.541 0.417 0 0.005
0.541 0.606 0 0.005
0.542 0.348 0 0.005
0.543 0.509 0 0.005
0.544 0.058 0 0.005
0.544 0.863 0 0.005
0.544 0.995 0 0.005
0.545 0.228 0 0.005
0.545 0.701 0 0.005
0.546 0.267 0 0.005
0.546 0.456 0 0.005
0.547 0.712 0 0.005
0.547 0.825 0 0.005
0.548 0.651 0 0.005
0.548 0.809 0 0.005
0.548 0.897 0 0.005
0.549 0.738 0 0.005
0.549 0.978 0 0.005
0.55 0.104 0 0.005
0.55 0.538 0 0.005
0.551 0.242 0 0.005
0.552 0.564 0 0.005
0.553 0.0022291666666666666 0 0.005
0.553 0.155 0 0.005
0.553 0.309 0 0.005
0.554 0.08 0 0.005
0.554 0.505 0 0.005
0.558 0.173 0 0.005
0.558 0.292 0 0.005
0.559 0.201 0 0.005
0.559 0.442 0 0.005
0.56 0.942 0 0.005
0.561 0.071 0 0.005
0.561 0.142 0 0.005
0.564 0.9967708333333334 0 0.005
0.566 0.058 0 0.005
0.566 0.559 0 0.005
0.566 0.667 0 0.005
0.566 0.885 0 0.005
0.567 0.016 0 0.005
0.569 0.435 0 0.005
0.569 0.773 0 0.005
0.57 0.956 0 0.005
0.57 0.976 0 0.005
0.57 0.988 0 0.005
0.571 0.105 0 0.005
0.571 0.365 0 0.005
0.572 0.927 0 0.005
0.575 0.239 0 0.005
0.576 0.3 0 0.005
0.576 0.338 0 0.005
0.576 0.486 0 0.005
0.576 0.605 0 0.005
0.577 0.052 0 0.005
0.577 0.7 0 0.005
0.578 0.063 0 0.005
0.578 0.753 0 0.005
0.58 0.269 0 0.005
0.58 0.525 0 0.005
0.58 0.982 0 0.005
0.581 0.327 0 0.005
0.581 0.646 0 0.005
0.582 0.082 0 0.005
0.582 0.149 0 0.005
0.582 0.199 0 0.005
0.582 0.73 0 0.005
0.583 0.825 0 0.005
0.584 0.108 0 0.005
0.585 0.162 0 0.005
0.585 0.565 0 0.005
0.586 0.022 0 0.005
0.587 0.045 0 0.005
0.587 0.598 0 0.005
0.588 0.341 0 0.005
0.588 0.905 0 0.005
0.589 0.253 0 0.005
0.589 0.721 0 0.005
0.59 0.632 0 0.005
0.59 0.968 0 0.005
0.592 0.058 0 0.005
0.592 0.581 0 0.005
0.592 0.817 0 0.005
0.592 0.916 0 0.005
0.593 0.316 0 0.005
0.593 0.499 0 0.005
0.595 0.893 0 0.005
0.596 0.108 0 0.005
0.596 0.261 0 0.005
0.597 0.668 0 0.005
0.597 0.775 0 0.005
0.597 0.839 0 0.005
0.597 0.996280701754386 0 0.005
0.598 0.699 0 0.005
0.599 0.042 0 0.005
0.599 0.344 0 0.005
0.601 0.164 0 0.005
0.601 0.2 0 0.005
0.601 0.286 0 0.005
0.602 0.88 0 0.005
0.604 0.078 0 0.005
0.604 0.806 0 0.005
0.606 0.177 0 0.005
0.606 0.931 0 0.005
0.607 0.622 0 0.005
0.607 0.724 0 0.005
0.608 0.761 0 0.005
0.608 0.951 0 0.005
0.611 0.044 0 0.005
0.611 0.126 0 0.005
0.611 0.247 0 0.005
0.611 0.334 0 0.005
0.611 0.98 0 0.005
0.612 0.646 0 0.005
0.613 0.231 0 0.005
0.613 0.297 0 0.005
0.613 0.371 0 0.005
0.613 0.452 0 0.005
0.614 0.307 0 0.005
0.614 0.678 0 0.005
0.615 0.088 0 0.005
0.615 0.398 0 0.005
0.616 0.137 0 0.005
0.616 0.499 0 0.005
0.616 0.717 0 0.005
0.616 0.854 0 0.005
0.618 0.111 0 0.005
0.618 0.182 0 0.005
0.618 0.53 0 0.005
0.618 0.663 0 0.005
0.62 0.616 0 0.005
0.62 0.902 0 0.005
0.623 0.9977333333333334 0 0.005
0.624 0.211 0 0.005
0.625 0.511 0 0.005
0.627 0.302 0 0.005
0.627 0.555 0 0.005
0.628 0.57 0 0.005
0.629 0.282 0 0.005
0.631 0.316 0 0.005
0.631 0.596 0 0.005
0.631 0.836 0 0.005
0.633 0.341 0 0.005
0.634 0.712 0 0.005
0.635 0.02 0 0.005
0.635 0.293 0 0.005
0.635 0.463 0 0.005
0.635 0.686 0 0.005
0.635 0.733 0 0.005
0.636 0.053 0 0.005
0.638 0.371 0 0.005
0.64 0.492 0 0.005
0.642 0.242 0 0.005
0.642 0.328 0 0.005
0.642 0.528 0 0.005
0.643 0.937 0 0.005
0.644 0.386 0 0.005
0.644 0.613 0 0.005
0.645 0.028 0 0.005
0.645 0.166 0 0.005
0.646 0.516 0 0.005
0.646 0.541 0 0.005
0.646 0.86 0 0.005
0.647 0.176 0 0.005
0.649 0.186 0 0.005
0.649 0.279 0 0.005
0.65 0.691 0 0.005
0.65 0.916 0 0.005
0.651 0.201 0 0.005
0.651 0.45 0 0.005
0.651 0.605 0 0.005
0.651 0.636 0 0.005
0.652 0.076 0 0.005
0.652 0.229 0 0.005
0.653 0.363 0 0.005
0.655 0.155 0 0.005
0.655 0.489 0 0.005
0.657 0.966 0 0.005
0.661 0.87 0 0.005
0.661 0.884 0 0.005
0.662 0.48 0 0.005
0.663 0.507 0 0.005
0.663 0.69 0 0.005
0.664 0.086 0 0.005
0.664 0.463 0 0.005
0.664 0.609 0 0.005
0.665 0.036 0 0.005
0.665 0.833 0 0.005
0.665 0.9956875 0 0.005
0.666 0.289 0 0.005
0.668 0.413 0 0.005
0.668 0.636 0 0.005
0.668 0.783 0 0.005
0.67 0.377 0 0.005
0.673 0.814 0 0.005
0.674 0.499 0 0.005
0.675 0.304 0 0.005
0.675 0.593 0 0.005
0.676 0.116 0 0.005
0.677 0.903 0 0.005
0.678 0.409 0 0.005
0.679 0.043 0 0.005
0.68 0.16 0 0.005
0.68 0.223 0 0.005
0.68 0.837 0 0.005
0.683 0.884 0 0.005
0.685 0.022 0 0.005
0.686 0.074 0 0.005
0.686 0.283 0 0.005
0.686 0.549 0 0.005
0.686 0.672 0 0.005
0.687 0.919 0 0.005
0.688 0.119 0 0.005
0.688 0.303 0 0.005
0.688 0.936 0 0.005
0.689 0.314 0 0.005
0.69 0.536 0 0.005
0.691 0.414 0 0.005
0.691 0.8 0 0.005
0.692 0.517 0 0.005
0.693 0.402 0 0.005
0.693 0.469 0 0.005
0.693 0.872 0 0.005
0.695 0.717 0 0.005
0.695 0.814 0 0.005
0.699 0.039 0 0.005
0.699 0.377 0 0.005
0.7 0.067 0 0.005
0.701 0.667 0 0.005
0.703 0.303 0 0.005
0.703 0.577 0 0.005
0.703 0.898 0 0.005
0.704 0.367 0 0.005
0.704 0.451 0 0.005
0.704 0.8 0 0.005
0.705 0.464 0 0.005
0.705 0.5 0 0.005
0.705 0.652 0 0.005
0.706 0.385 0 0.005
0.706 0.845 0 0.005
0.707 0.281 0 0.005
0.707 0.72 0 0.005
0.708 0.523 0 0.005
0.71 0.229 0 0.005
0.711 0.262 0 0.005
0.712 0.624 0 0.005
0.713 0.217 0 0.005
0.713 0.817 0 0.005
0.713 0.936 0 0.005
0.714 0.06 0 0.005
0.715 0.0008095238095238096 0 0.005
0.715 0.294 0 0.005
0.715 0.407 0 0.005
0.716 0.687 0 0.005
0.716 0.948 0 0.005
0.717 0.1 0 0.005
0.717 0.351 0 0.005
0.717 0.557 0 0.005
0.717 0.903 0 0.005
0.72 0.272 0 0.005
0.72 0.714 0 0.005
0.72 0.882 0 0.005
0.722 0.993 0 0.005
0.723 0.021 0 0.005
0.723 0.859 0 0.005
0.724 0.366 0 0.005
0.725 0.698 0 0.005
0.726 0.106 0 0.005
0.726 0.304 0 0.005
0.726 0.552 0 0.005
0.728 0.596 0 0.005
0.728 0.617 0 0.005
0.73 0.576 0 0.005
0.731 0.258 0 0.005
0.731 0.484 0 0.005
0.731 0.529 0 0.005
0.731 0.729 0 0.005
0.732 0.314 0 0.005
0.732 0.507 0 0.005
0.732 0.673 0 0.005
0.734 0.926 0 0.005
0.735 0.248 0 0.005
0.735 0.334 0 0.005
0.735 0.909 0 0.005
0.736 0.189 0 0.005
0.737 0.117 0 0.005
0.737 0.14 0 0.005
0.738 0.7 0 0.005
0.738 0.76 0 0.005
0.74 0.321 0 0.005
0.741 0.959 0 0.005
0.742 0.071 0 0.005
0.743 0.154 0 0.005
0.744 0.108 0 0.005
0.744 0.356 0 0.005
0.744 0.731 0 0.005
0.744 0.744 0 0.005
0.744 0.971 0 0.005
0.745 0.437 0 0.005
0.745 0.578 0 0.005
0.745 0.6 0 0.005
0.745 0.637 0 0.005
0.746 0.53 0 0.005
0.747 0.311 0 0.005
0.747 0.56 0 0.005
0.747 0.951 0 0.005
0.748 0.057 0 0.005
0.748 0.267 0 0.005
0.748 0.927 0 0.005
0.749 0.657 0 0.005
0.75 0.507 0 0.005
0.75 0.868 0 0.005
0.752 0.137 0 0.005
0.752 0.396 0 0.005
0.752 0.785 0 0.005
0.753 0.591 0 0.005
0.755 0.368 0 0.005
0.756 0.28 0 0.005
0.756 0.444 0 0.005
0.756 0.609 0 0.005
0.756 0.762 0 0.005
0.758 0.972 0 0.005
0.76 0.105 0 0.005
0.76 0.309 0 0.005
0.762 0.472 0 0.005
0.762 0.79 0 0.005
0.763 0.75 0 0.005
0.764 0.02 0 0.005
0.765 0.071 0 0.005
0.766 0.281 0 0.005
0.767 0.194 0 0.005
0.767 0.59 0 0.005
0.767 0.736 0 0.005
0.767 0.77 0 0.005
0.768 0.923 0 0.005
0.77 0.263 0 0.005
0.771 0.895 0 0.005
0.772 0.43 0 0.005
0.773 0.793 0 0.005
0.773 0.865 0 0.005
0.775 0.132 0 0.005
0.775 0.625 0 0.005
0.775 0.643 0 0.005
0.775 0.673 0 0.005
0.776 0.374 0 0.005
0.776 0.745 0 0.005
0.777 0.167 0 0.005
0.777 0.279 0 0.005
0.777 0.72 0 0.005
0.78 0.149 0 0.005
0.78 0.808 0 0.005
0.781 0.55 0 0.005
0.782 0.293 0 0.005
0.782 0.914 0 0.005
0.783 0.309 0 0.005
0.783 0.422 0 0.005
0.785 0.826 0 0.005
0.786 0.621 0 0.005
0.788 0.726 0 0.005
0.788 0.741 0 0.005
0.788 0.968 0 0.005
0.79 0.299 0 0.005
0.79 0.705 0 0.005
0.791 0.472 0 0.005
0.792 0.072 0 0.005
0.793 0.483 0 0.005
0.793 0.64 0 0.005
0.793 0.951 0 0.005
0.794 0.529 0 0.005
0.794 0.774 0 0.005
0.794 0.791 0 0.005
0.795 0.052 0 0.005
0.795 0.496 0 0.005
0.796 0.253 0 0.005
0.796 0.325 0 0.005
0.796 0.732 0 0.005
0.798 0.027 0 0.005
0.798 0.856 0 0.005
0.8 0.203 0 0.005
0.8 0.964 0 0.005
0.801 0.276 0 0.005
0.801 0.994 0 0.005
0.802 0.378 0 0.005
0.802 0.615 0 0.005
0.804 0.244 0 0.005
0.804 0.356 0 0.005
0.806 0.097 0 0.005
0.806 0.141 0 0.005
0.806 0.417 0 0.005
0.806 0.478 0 0.005
0.807 0.004 0 0.005
0.808 0.256 0 0.005
0.808 0.646 0 0.005
0.808 0.933 0 0.005
0.809 0.488 0 0.005
0.809 0.729 0 0.005
0.809 0.848 0 0.005
0.809 0.923 0 0.005
0.81 0.198 0 0.005
0.81 0.593 0 0.005
0.815 0.895 0 0.005
0.816 0.43 0 0.005
0.816 0.611 0 0.005
0.818 0.103 0 0.005
0.818 0.249 0 0.005
0.818 0.456 0 0.005
0.819 0.738 0 0.005
0.819 0.77 0 0.005
0.82 0.078 0 0.005
0.821 0.952 0 0.005
0.822 0.212 0 0.005
0.822 0.288 0 0.005
0.822 0.633 0 0.005
0.822 0.865 0 0.005
0.823 0.137 0 0.005
0.823 0.169 0 0.005
0.825 0.721 0 0.005
0.826 0.972 0 0.005
0.827 0.153 0 0.005
0.828 0.51 0 0.005
0.829 0.551 0 0.005
0.829 0.692 0 0.005
0.83 0.91 0 0.005
0.831 0.017 0 0.005
0.832 0.181 0 0.005
0.832 0.411 0 0.005
0.833 0.603 0 0.005
0.833 0.618 0 0.005
0.836 0.064 0 0.005
0.836 0.286 0 0.005
0.836 0.44 0 0.005
0.837 0.529 0 0.005
0.837 0.89 0 0.005
0.838 0.738 0 0.005
0.839 0.095 0 0.005
0.839 0.215 0 0.005
0.839 0.861 0 0.005
0.841 0.27 0 0.005
0.841 0.569 0 0.005
0.841 0.905 0 0.005
0.842 0.753 0 0.005
0.843 0.415 0 0.005
0.843 0.592 0 0.005
0.844 0.035 0 0.005
0.844 0.771 0 0.005
0.845 0.045 0 0.005
0.845 0.379 0 0.005
0.846 0.692 0 0.005
0.847 0.222 0 0.005
0.849 0.369 0 0.005
0.849 0.785 0 0.005
0.851 0.013 0 0.005
0.851 0.342 0 0.005
0.851 0.614 0 0.005
0.852 0.252 0 0.005
0.853 0.123 0 0.005
0.853 0.446 0 0.005
0.853 0.968 0 0.005
0.856 0.989 0 0.005
0.857 0.583 0 0.005
0.858 0.944 0 0.005
0.859 0.166 0 0.005
0.859 0.375 0 0.005
0.859 0.533 0 0.005
0.859 0.718 0 0.005
0.86 0.674 0 0.005
0.86 0.766 0 0.005
0.86 0.91 0 0.005
0.862 0.187 0 0.005
0.863 0.4 0 0.005
0.864 0.792 0 0.005
0.865 0.115 0 0.005
0.865 0.497 0 0.005
0.865 0.976 0 0.005
0.867 0.132 0 0.005
0.867 0.57 0 0.005
0.868 0.825 0 0.005
0.869 0.272 0 0.005
0.869 0.44 0 0.005
0.869 0.543 0 0.005
0.87 0.638 0 0.005
0.87 0.723 0 0.005
0.871 0.383 0 0.005
0.871 0.755 0 0.005
0.872 0.026 0 0.005
0.872 0.211 0 0.005
0.873 0.155 0 0.005
0.873 0.295 0 0.005
0.874 0.047 0 0.005
0.874 0.18 0 0.005
0.874 0.456 0 0.005
0.875 0.467 0 0.005
0.875 0.556 0 0.005
0.876 0.323 0 0.005
0.877 0.93 0 0.005
0.878 0.417 0 0.005
0.879 0.015 0 0.005
0.879 0.311 0 0.005
0.879 0.748 0 0.005
0.88 0.54 0 0.005
0.881 0.996280701754386 0 0.005
0.882 0.568 0 0.005
0.882 0.586 0 0.005
0.882 0.906 0 0.005
0.883 0.399 0 0.005
0.883 0.432 0 0.005
0.884 0.04 0 0.005
0.884 0.649 0 0.005
0.885 0.457 0 0.005
0.885 0.893 0 0.005
0.886 0.05 0 0.005
0.888 0.0004166666666666667 0 0.005
0.891 0.506 0 0.005
0.891 0.715 0 0.005
0.891 0.789 0 0.005
0.891 0.842 0 0.005
0.892 0.252 0 0.005
0.893 0.203 0 0.005
0.893 0.541 0 0.005
0.893 0.578 0 0.005
0.893 0.755 0 0.005
0.893 0.777 0 0.005
0.894 0.106 0 0.005
0.894 0.589 0 0.005
0.894 0.653 0 0.005
0.897 0.16 0 0.005
0.897 0.931 0 0.005
0.901 0.609 0 0.005
0.901 0.639 0 0.005
0.902 0.118 0 0.005
0.902 0.956 0 0.005
0.903 0.535 0 0.005
0.905 0.141 0 0.005
0.905 0.568 0 0.005
0.906 0.437 0 0.005
0.906 0.845 0 0.005
0.907 0.516 0 0.005
0.908 0.548 0 0.005
0.909 0.036 0 0.005
0.91 0.341 0 0.005
0.911 0.388 0 0.005
0.912 0.064 0 0.005
0.913 0.281 0 0.005
0.914 0.183 0 0.005
0.914 0.984 0 0.005
0.915 0.077 0 0.005
0.916 0.778 0 0.005
0.916 0.935 0 0.005
0.918 0.025 0 0.005
0.919 0.038 0 0.005
0.919 0.249 0 0.005
0.919 0.36 0 0.005
0.919 0.396 0 0.005
0.92 0.195 0 0.005
0.92 0.413 0 0.005
0.92 0.0004166666666666667 0 0.005
0.921 0.058 0 0.005
0.921 0.348 0 0.005
0.921 0.429 0 0.005
0.923 0.134 0 0.005
0.923 0.386 0 0.005
0.923 0.707 0 0.005
0.924 0.369 0 0.005
0.924 0.517 0 0.005
0.924 0.833 0 0.005
0.925 0.887 0 0.005
0.926 0.121 0 0.005
0.926 0.987 0 0.005
0.929 0.504 0 0.005
0.93 0.206 0 0.005
0.93 0.358 0 0.005
0.931 0.101 0 0.005
0.931 0.537 0 0.005
0.931 0.925 0 0.005
0.931 0.977 0 0.005
0.932 0.376 0 0.005
0.933 0.96 0 0.005
0.936 0.227 0 0.005
0.936 0.268 0 0.005
0.938 0.821 0 0.005
0.939 0.062 0 0.005
0.939 0.724 0 0.005
0.942 0.048 0 0.005
0.942 0.414 0 0.005
0.942 0.58 0 0.005
0.943 0.349 0 0.005
0.943 0.51 0 0.005
0.944 0.093 0 0.005
0.945 0.291 0 0.005
0.945 0.681 0 0.005
0.946 0.399 0 0.005
0.946 0.75 0 0.005
0.946 0.925 0 0.005
0.947 0.771 0 0.005
0.948 0.497 0 0.005
0.948 0.785 0 0.005
0.949 0.063 0 0.005
0.95 0.366 0 0.005
0.951 0.871 0 0.005
0.952 0.591 0 0.005
0.954 0.16 0 0.005
0.954 0.285 0 0.005
0.954 0.802 0 0.005
0.955 0.091 0 0.005
0.955 0.991 0 0.005
0.956 0.101 0 0.005
0.956 0.855 0 0.005
0.957 0.399 0 0.005
0.958 0.455 0 0.005
0.959 0.0022291666666666666 0 0.005
0.959 0.751 0 0.005
0.96 0.771 0 0.005
0.96 0.794 0 0.005
0.963 0.334 0 0.005
0.963 0.353 0 0.005
0.965 0.607 0 0.005
0.966 0.187 0 0.005
0.966 0.265 0 0.005
0.966 0.9967708333333334 0 0.005
0.968 0.818 0 0.005
0.969 0.063 0 0.005
0.97 0.249 0 0.005
0.97 0.502 0 0.005
0.97 0.566 0 0.005
0.971 0.002719298245614035 0 0.005
0.974 0.352 0 0.005
0.974 0.528 0 0.005
0.976 0.047 0 0.005
0.976 0.666 0 0.005
0.977 0.275 0 0.005
0.977 0.378 0 0.005
0.977 0.695 0 0.005
0.977 0.714 0 0.005
0.978 0.216 0 0.005
0.978 0.409 0 0.005
0.978 0.776 0 0.005
0.979 0.42 0 0.005
0.979 0.677 0 0.005
0.98 0.5 0 0.005
0.981 0.297 0 0.005
0.981 0.573 0 0.005
0.982 0.471 0 0.005
0.982 0.596 0 0.005
0.982 0.811 0 0.005
0.986 0.346 0 0.005
0.986 0.835 0 0.005
0.988 0.265 0 0.005
0.988 0.635 0 0.005
0.988 0.769 0 0.005
0.989 0.37 0 0.005
0.99 0.101 0 0.005
0.99 0.417 0 0.005
0.991 0.436 0 0.005
0.993 0.534 0 0.005
0.994 0.165 0 0.005
0.994 0.621 0 0.005
0.994 0.979 0 0.005
0.995 0.06 0 0.005
0.995 0.242 0 0.005
0.995 0.462 0 0.005
0.995 0.566 0 0.005
0.9956875 0.222 0 0.005
0.9956875 0.313 0 0.005
0.9956875 0.965 0 0.005
0.996280701754386 0.392 0 0.005
0.9967708333333334 0.278 0 0.005
0.9967708333333334 0.762 0 0.005
0.9977333333333334 0.1 0 0.005
0.9977333333333334 0.639 0 0.005
0.9985833333333334 0.015 0 0.005
0.9985833333333334 0.206 0 0.005
0.9985833333333334 0.509 0 0.005
0.999 0.806 0 0.005
