0.0033389830508474575 0.0033389830508474575 0 0.005
0.0017435897435897436 0.028 0 0.005
0.0017435897435897436 0.095 0 0.005
0.0008095238095238096 0.113 0 0.005
0.0017435897435897436 0.125 0 0.005
0.0022291666666666666 0.16 0 0.005
0.0017435897435897436 0.174 0 0.005
0.0004166666666666667 0.276 0 0.005
0.0004166666666666667 0.378 0 0.005
0.0012666666666666666 0.398 0 0.005
0.0017435897435897436 0.457 0 0.005
0.0022291666666666666 0.467 0 0.005
0.0008095238095238096 0.52 0 0.005
0.0004166666666666667 0.559 0 0.005
0.0017435897435897436 0.622 0 0.005
0.0017435897435897436 0.657 0 0.005
0.0022291666666666666 0.69 0 0.005
0.0004166666666666667 0.708 0 0.005
0.002719298245614035 0.717 0 0.005
0.0012666666666666666 0.739 0 0.005
0.0022291666666666666 0.76 0 0.005
0.0017435897435897436 0.781 0 0.005
0.0012666666666666666 0.808 0 0.005
0.004 0.819 0 0.005
0.0008095238095238096 0.842 0 0.005
0.0033125 0.866 0 0.005
0.002719298245614035 0.882 0 0.005
0.004 0.897 0 0.005
0.005 0.544 0 0.005
0.005 0.572 0 0.005
0.006 0.679 0 0.005
0.007 0.607 0 0.005
0.008 0.06 0 0.005
0.008 0.3 0 0.005
0.008 0.588 0 0.005
0.009 0.329 0 0.005
0.009 0.428 0 0.005
0.009 0.509 0 0.005
0.009 0.794 0 0.005
0.01 0.101 0 0.005
0.011 0.242 0 0.005
0.011 0.27 0 0.005
0.011 0.408 0 0.005
0.012 0.23 0 0.005
0.012 0.48 0 0.005
0.012 0.688 0 0.005
0.012 0.725 0 0.005
0.012 0.783 0 0.005
0.013 0.006 0 0.005
0.013 0.146 0 0.005
0.013 0.364 0 0.005
0.013 0.826 0 0.005
0.014 0.156 0 0.005
0.014 0.178 0 0.005
0.014 0.284 0 0.005
0.014 0.5 0 0.005
0.015 0.973 0 0.005
0.016 0.346 0 0.005
0.016 0.924 0 0.005
0.017 0.113 0 0.005
0.017 0.321 0 0.005
0.017 0.394 0 0.005
0.017 0.702 0 0.005
0.018 0.076 0 0.005
0.018 0.623 0 0.005
0.018 0.666 0 0.005
0.018 0.741 0 0.005
0.019 0.02 0 0.005
0.019 0.212 0 0.005
0.019 0.222 0 0.005
0.019 0.42 0 0.005
0.02 0.041 0 0.005
0.021 0.19 0 0.005
0.022 0.454 0 0.005
0.022 0.858 0 0.005
0.022 0.888 0 0.005
0.022 0.958 0 0.005
0.024 0.124 0 0.005
0.024 0.808 0 0.005
0.025 0.757 0 0.005
0.025 0.905 0 0.005
0.025 0.9967708333333334 0 0.005
0.026 0.371 0 0.005
0.026 0.571 0 0.005
0.026 0.695 0 0.005
0.026 0.796 0 0.005
0.027 0.089 0 0.005
0.027 0.159 0 0.005
0.027 0.601 0 0.005
0.027 0.721 0 0.005
0.028 0.319 0 0.005
0.028 0.4 0 0.005
0.028 0.559 0 0.005
0.028 0.779 0 0.005
0.029 0.028 0 0.005
0.029 0.66 0 0.005
0.03 0.139 0 0.005
0.03 0.234 0 0.005
0.03 0.483 0 0.005
0.03 0.746 0 0.005
0.03 0.988 0 0.005
0.031 0.348 0 0.005
0.031 0.38 0 0.005
0.031 0.426 0 0.005
0.031 0.508 0 0.005
0.031 0.916 0 0.005
0.032 0.07 0 0.005
0.032 0.536 0 0.005
0.032 0.768 0 0.005
0.032 0.895 0 0.005
0.033 0.188 0 0.005
0.033 0.448 0 0.005
0.033 0.64 0 0.005
0.034 0.311 0 0.005
0.034 0.844 0 0.005
0.035 0.173 0 0.005
0.035 0.283 0 0.005
0.035 0.616 0 0.005
0.035 0.927 0 0.005
0.036 0.083 0 0.005
0.036 0.673 0 0.005
0.036 0.871 0 0.005
0.037 0.048 0 0.005
0.037 0.33 0 0.005
0.037 0.808 0 0.005
0.038 0.246 0 0.005
0.038 0.554 0 0.005
0.039 0.296 0 0.005
0.04 0.493 0 0.005
0.04 0.942 0 0.005
0.041 0.715 0 0.005
0.042 0.647 0 0.005
0.042 0.863 0 0.005
0.043 0.53 0 0.005
0.043 0.82 0 0.005
0.044 0.314 0 0.005
0.044 0.358 0 0.005
0.044 0.507 0 0.005
0.044 0.631 0 0.005
0.044 0.659 0 0.005
0.045 0.0008095238095238096 0 0.005
0.045 0.127 0 0.005
0.045 0.146 0 0.005
0.045 0.376 0 0.005
0.045 0.684 0 0.005
0.045 0.913 0 0.005
0.046 0.217 0 0.005
0.046 0.463 0 0.005
0.047 0.096 0 0.005
0.047 0.285 0 0.005
0.047 0.402 0 0.005
0.047 0.591 0 0.005
0.047 0.771 0 0.005
0.047 0.97 0 0.005
0.048 0.054 0 0.005
0.048 0.39 0 0.005
0.048 0.803 0 0.005
0.048 0.888 0 0.005
0.049 0.613 0 0.005
0.049 0.757 0 0.005
0.049 0.836 0 0.005
0.05 0.781 0 0.005
0.051 0.814 0 0.005
0.052 0.791 0 0.005
0.052 0.846 0 0.005
0.053 0.255 0 0.005
0.053 0.718 0 0.005
0.053 0.746 0 0.005
0.053 0.934 0 0.005
0.054 0.419 0 0.005
0.055 0.125 0 0.005
0.055 0.145 0 0.005
0.055 0.164 0 0.005
0.055 0.453 0 0.005
0.055 0.686 0 0.005
0.055 0.9967708333333334 0 0.005
0.056 0.626 0 0.005
0.057 0.205 0 0.005
0.057 0.243 0 0.005
0.057 0.357 0 0.005
0.057 0.651 0 0.005
0.058 0.023 0 0.005
0.058 0.066 0 0.005
0.058 0.233 0 0.005
0.058 0.872 0 0.005
0.059 0.034 0 0.005
0.059 0.28 0 0.005
0.059 0.759 0 0.005
0.06 0.191 0 0.005
0.061 0.135 0 0.005
0.061 0.956 0 0.005
0.062 0.369 0 0.005
0.062 0.541 0 0.005
0.062 0.832 0 0.005
0.063 0.222 0 0.005
0.063 0.269 0 0.005
0.064 0.051 0 0.005
0.064 0.346 0 0.005
0.064 0.419 0 0.005
0.064 0.511 0 0.005
0.065 0.172 0 0.005
0.065 0.662 0 0.005
0.065 0.822 0 0.005
0.065 0.916 0 0.005
0.066 0.116 0 0.005
0.066 0.493 0 0.005
0.066 0.588 0 0.005
0.066 0.636 0 0.005
0.067 0.983 0 0.005
0.068 0.097 0 0.005
0.068 0.482 0 0.005
0.068 0.685 0 0.005
0.069 0.201 0 0.005
0.069 0.283 0 0.005
0.069 0.441 0 0.005
0.069 0.932 0 0.005
0.068 0.9985833333333334 0 0.005
0.07 0.014 0 0.005
0.07 0.314 0 0.005
0.07 0.626 0 0.005
0.072 0.468 0 0.005
0.072 0.542 0 0.005
0.072 0.745 0 0.005
0.073 0.605 0 0.005
0.073 0.73 0 0.005
0.073 0.852 0 0.005
0.074 0.304 0 0.005
0.074 0.324 0 0.005
0.074 0.616 0 0.005
0.075 0.055 0 0.005
0.075 0.224 0 0.005
0.075 0.234 0 0.005
0.075 0.575 0 0.005
0.075 0.89 0 0.005
0.076 0.347 0 0.005
0.076 0.637 0 0.005
0.076 0.911 0 0.005
0.077 0.039 0 0.005
0.077 0.676 0 0.005
0.077 0.803 0 0.005
0.078 0.004 0 0.005
0.078 0.48 0 0.005
0.078 0.766 0 0.005
0.079 0.094 0 0.005
0.079 0.44 0 0.005
0.079 0.524 0 0.005
0.08 0.928 0 0.005
0.081 0.491 0 0.005
0.081 0.537 0 0.005
0.082 0.207 0 0.005
0.082 0.356 0 0.005
0.082 0.467 0 0.005
0.082 0.974 0 0.005
0.083 0.607 0 0.005
0.083 0.838 0 0.005
0.084 0.147 0 0.005
0.084 0.62 0 0.005
0.084 0.734 0 0.005
0.084 0.876 0 0.005
0.085 0.119 0 0.005
0.085 0.186 0 0.005
0.085 0.591 0 0.005
0.085 0.945 0 0.005
0.086 0.252 0 0.005
0.086 0.564 0 0.005
0.086 0.994 0 0.005
0.087 0.287 0 0.005
0.087 0.344 0 0.005
0.087 0.722 0 0.005
0.088 0.164 0 0.005
0.088 0.412 0 0.005
0.088 0.793 0 0.005
0.088 0.921 0 0.005
0.089 0.042 0 0.005
0.09 0.074 0 0.005
0.09 0.759 0 0.005
0.091 0.229 0 0.005
0.091 0.275 0 0.005
0.091 0.543 0 0.005
0.091 0.554 0 0.005
0.091 0.812 0 0.005
0.092 0.213 0 0.005
0.092 0.428 0 0.005
0.092 0.494 0 0.005
0.092 0.747 0 0.005
0.092 0.857 0 0.005
0.093 0.394 0 0.005
0.093 0.984 0 0.005
0.093 0.0004166666666666667 0 0.005
0.094 0.017 0 0.005
0.094 0.33 0 0.005
0.094 0.846 0 0.005
0.095 0.063 0 0.005
0.095 0.121 0 0.005
0.095 0.521 0 0.005
0.096 0.098 0 0.005
0.096 0.203 0 0.005
0.096 0.834 0 0.005
0.097 0.347 0 0.005
0.098 0.627 0 0.005
0.098 0.656 0 0.005
0.099 0.006 0 0.005
0.099 0.289 0 0.005
0.099 0.438 0 0.005
0.099 0.711 0 0.005
0.101 0.239 0 0.005
0.101 0.269 0 0.005
0.101 0.965 0 0.005
0.102 0.155 0 0.005
0.102 0.412 0 0.005
0.102 0.55 0 0.005
0.103 0.605 0 0.005
0.104 0.763 0 0.005
0.104 0.782 0 0.005
0.105 0.041 0 0.005
0.105 0.847 0 0.005
0.106 0.064 0 0.005
0.106 0.109 0 0.005
0.106 0.428 0 0.005
0.106 0.897 0 0.005
0.107 0.452 0 0.005
0.107 0.566 0 0.005
0.107 0.675 0 0.005
0.107 0.915 0 0.005
0.107 0.955 0 0.005
0.108 0.081 0 0.005
0.108 0.184 0 0.005
0.108 0.382 0 0.005
0.108 0.944 0 0.005
0.108 0.976 0 0.005
0.109 0.17 0 0.005
0.109 0.708 0 0.005
0.11 0.514 0 0.005
0.11 0.816 0 0.005
0.111 0.299 0 0.005
0.111 0.621 0 0.005
0.111 0.721 0 0.005
0.111 0.772 0 0.005
0.112 0.534 0 0.005
0.112 0.648 0 0.005
0.112 0.86 0 0.005
0.113 0.329 0 0.005
0.114 0.193 0 0.005
0.114 0.348 0 0.005
0.115 0.462 0 0.005
0.115 0.794 0 0.005
0.116 0.033 0 0.005
0.116 0.062 0 0.005
0.116 0.259 0 0.005
0.116 0.409 0 0.005
0.116 0.498 0 0.005
0.118 0.154 0 0.005
0.118 0.551 0 0.005
0.118 0.602 0 0.005
0.118 0.678 0 0.005
0.118 0.89 0 0.005
0.119 0.167 0 0.005
0.119 0.24 0 0.005
0.119 0.572 0 0.005
0.119 0.828 0 0.005
0.12 0.612 0 0.005
0.12 0.662 0 0.005
0.12 0.934 0 0.005
0.12 0.969 0 0.005
0.121 0.13 0 0.005
0.121 0.283 0 0.005
0.121 0.387 0 0.005
0.123 0.042 0 0.005
0.123 0.12 0 0.005
0.123 0.312 0 0.005
0.124 0.196 0 0.005
0.124 0.75 0 0.005
0.125 0.072 0 0.005
0.125 0.14 0 0.005
0.125 0.481 0 0.005
0.125 0.626 0 0.005
0.125 0.792 0 0.005
0.126 0.324 0 0.005
0.126 0.539 0 0.005
0.127 0.335 0 0.005
0.127 0.439 0 0.005
0.128 0.103 0 0.005
0.128 0.222 0 0.005
0.128 0.366 0 0.005
0.129 0.724 0 0.005
0.129 0.976 0 0.005
0.13 0.243 0 0.005
0.13 0.577 0 0.005
0.131 0.059 0 0.005
0.131 0.083 0 0.005
0.131 0.507 0 0.005
0.131 0.645 0 0.005
0.131 0.95 0 0.005
0.132 0.566 0 0.005
0.133 0.181 0 0.005
0.133 0.212 0 0.005
0.133 0.605 0 0.005
0.133 0.667 0 0.005
0.134 0.047 0 0.005
0.134 0.388 0 0.005
0.134 0.78 0 0.005
0.134 0.934 0 0.005
0.135 0.376 0 0.005
0.135 0.851 0 0.005
0.136 0.139 0 0.005
0.136 0.197 0 0.005
0.136 0.326 0 0.005
0.136 0.692 0 0.005
0.137 0.314 0 0.005
0.138 0.739 0 0.005
0.139 0.172 0 0.005
0.139 0.49 0 0.005
0.139 0.832 0 0.005
0.139 0.908 0 0.005
0.139 0.993 0 0.005
0.14 0.225 0 0.005
0.14 0.272 0 0.005
0.14 0.337 0 0.005
0.14 0.865 0 0.005
0.141 0.037 0 0.005
0.141 0.122 0 0.005
0.141 0.628 0 0.005
0.141 0.651 0 0.005
0.141 0.806 0 0.005
0.14 0.0 0 0.005
0.142 0.074 0 0.005
0.142 0.363 0 0.005
0.142 0.817 0 0.005
0.143 0.567 0 0.005
0.144 0.287 0 0.005
0.144 0.415 0 0.005
0.144 0.679 0 0.005
0.144 0.881 0 0.005
0.145 0.46 0 0.005
0.145 0.513 0 0.005
0.146 0.609 0 0.005
0.146 0.701 0 0.005
0.147 0.02 0 0.005
0.147 0.553 0 0.005
0.148 0.354 0 0.005
0.148 0.795 0 0.005
0.148 0.897 0 0.005
0.149 0.167 0 0.005
0.149 0.429 0 0.005
0.149 0.594 0 0.005
0.15 0.296 0 0.005
0.15 0.401 0 0.005
0.15 0.484 0 0.005
0.15 0.954 0 0.005
0.151 0.374 0 0.005
0.151 0.661 0 0.005
0.152 0.059 0 0.005
0.152 0.127 0 0.005
0.152 0.771 0 0.005
0.153 0.093 0 0.005
0.153 0.192 0 0.005
0.154 0.14 0 0.005
0.154 0.758 0 0.005
0.154 0.986 0 0.005
0.155 0.509 0 0.005
0.155 0.533 0 0.005
0.155 0.976 0 0.005
0.156 0.083 0 0.005
0.156 0.617 0 0.005
0.156 0.63 0 0.005
0.156 0.931 0 0.005
0.157 0.314 0 0.005
0.157 0.361 0 0.005
0.157 0.453 0 0.005
0.157 0.889 0 0.005
0.158 0.033 0 0.005
0.158 0.55 0 0.005
0.158 0.568 0 0.005
0.158 0.779 0 0.005
0.158 0.833 0 0.005
0.158 0.9 0 0.005
0.159 0.216 0 0.005
0.159 0.277 0 0.005
0.16 0.065 0 0.005
0.16 0.113 0 0.005
0.16 0.243 0 0.005
0.16 0.329 0 0.005
0.16 0.689 0 0.005
0.16 0.851 0 0.005
0.161 0.605 0 0.005
0.161 0.648 0 0.005
0.162 0.177 0 0.005
0.162 0.95 0 0.005
0.161 0.9985833333333334 0 0.005
0.163 0.048 0 0.005
0.163 0.187 0 0.005
0.163 0.261 0 0.005
0.163 0.436 0 0.005
0.163 0.594 0 0.005
0.163 0.728 0 0.005
0.164 0.155 0 0.005
0.164 0.232 0 0.005
0.164 0.382 0 0.005
0.164 0.753 0 0.005
0.165 0.299 0 0.005
0.165 0.767 0 0.005
0.167 0.499 0 0.005
0.168 0.037 0 0.005
0.168 0.402 0 0.005
0.168 0.833 0 0.005
0.169 0.526 0 0.005
0.169 0.933 0 0.005
0.17 0.104 0 0.005
0.17 0.627 0 0.005
0.17 0.844 0 0.005
0.171 0.165 0 0.005
0.171 0.357 0 0.005
0.171 0.474 0 0.005
0.171 0.583 0 0.005
0.171 0.672 0 0.005
0.171 0.688 0 0.005
0.172 0.609 0 0.005
0.172 0.907 0 0.005
0.173 0.738 0 0.005
0.174 0.659 0 0.005
0.174 0.717 0 0.005
0.174 0.893 0 0.005
0.174 0.959 0 0.005
0.175 0.139 0 0.005
0.175 0.537 0 0.005
0.175 0.7 0 0.005
0.176 0.06 0 0.005
0.176 0.177 0 0.005
0.176 0.509 0 0.005
0.176 0.861 0 0.005
0.177 0.568 0 0.005
0.178 0.405 0 0.005
0.178 0.64 0 0.005
0.178 0.754 0 0.005
0.179 0.086 0 0.005
0.179 0.307 0 0.005
0.179 0.464 0 0.005
0.179 0.807 0 0.005
0.179 0.949 0 0.005
0.18 0.049 0 0.005
0.18 0.228 0 0.005
0.18 0.297 0 0.005
0.18 0.336 0 0.005
0.18 0.391 0 0.005
0.18 0.495 0 0.005
0.181 0.276 0 0.005
0.181 0.768 0 0.005
0.182 0.152 0 0.005
0.182 0.883 0 0.005
0.182 0.928 0 0.005
0.182 0.9972564102564103 0 0.005
0.184 0.611 0 0.005
0.184 0.786 0 0.005
0.185 0.262 0 0.005
0.185 0.478 0 0.005
0.185 0.517 0 0.005
0.185 0.546 0 0.005
0.186 0.358 0 0.005
0.186 0.658 0 0.005
0.186 0.686 0 0.005
0.187 0.117 0 0.005
0.187 0.141 0 0.005
0.187 0.172 0 0.005
0.187 0.634 0 0.005
0.189 0.004 0 0.005
0.189 0.082 0 0.005
0.189 0.327 0 0.005
0.191 0.441 0 0.005
0.191 0.532 0 0.005
0.191 0.623 0 0.005
0.192 0.421 0 0.005
0.192 0.506 0 0.005
0.192 0.559 0 0.005
0.192 0.941 0 0.005
0.193 0.398 0 0.005
0.194 0.04 0 0.005
0.194 0.106 0 0.005
0.194 0.37 0 0.005
0.194 0.648 0 0.005
0.194 0.815 0 0.005
0.194 0.969 0 0.005
0.195 0.058 0 0.005
0.195 0.901 0 0.005
0.196 0.301 0 0.005
0.196 0.571 0 0.005
0.196 0.785 0 0.005
0.196 0.888 0 0.005
0.197 0.089 0 0.005
0.197 0.34 0 0.005
0.197 0.588 0 0.005
0.197 0.761 0 0.005
0.197 0.922 0 0.005
0.198 0.17 0 0.005
0.198 0.739 0 0.005
0.199 0.387 0 0.005
0.2 0.13 0 0.005
0.2 0.268 0 0.005
0.2 0.659 0 0.005
0.202 0.776 0 0.005
0.202 0.848 0 0.005
0.203 0.482 0 0.005
0.203 0.624 0 0.005
0.204 0.0017435897435897436 0 0.005
0.204 0.066 0 0.005
0.204 0.431 0 0.005
0.204 0.954 0 0.005
0.205 0.02 0 0.005
0.205 0.493 0 0.005
0.205 0.816 0 0.005
0.206 0.827 0 0.005
0.207 0.463 0 0.005
0.208 0.124 0 0.005
0.208 0.451 0 0.005
0.208 0.9972564102564103 0 0.005
0.209 0.109 0 0.005
0.209 0.162 0 0.005
0.209 0.375 0 0.005
0.209 0.574 0 0.005
0.209 0.857 0 0.005
0.21 0.601 0 0.005
0.21 0.838 0 0.005
0.211 0.26 0 0.005
0.211 0.562 0 0.005
0.212 0.185 0 0.005
0.212 0.311 0 0.005
0.212 0.364 0 0.005
0.212 0.533 0 0.005
0.212 0.544 0 0.005
0.212 0.903 0 0.005
0.212 0.978 0 0.005
0.213 0.013 0 0.005
0.213 0.426 0 0.005
0.213 0.629 0 0.005
0.214 0.059 0 0.005
0.215 0.492 0 0.005
0.215 0.618 0 0.005
0.215 0.748 0 0.005
0.215 0.925 0 0.005
0.215 0.988 0 0.005
0.216 0.0012666666666666666 0 0.005
0.216 0.734 0 0.005
0.216 0.775 0 0.005
0.216 0.878 0 0.005
0.216 0.935 0 0.005
0.217 0.231 0 0.005
0.217 0.384 0 0.005
0.218 0.297 0 0.005
0.22 0.278 0 0.005
0.22 0.47 0 0.005
0.22 0.865 0 0.005
0.221 0.034 0 0.005
0.221 0.136 0 0.005
0.221 0.439 0 0.005
0.221 0.635 0 0.005
0.221 0.888 0 0.005
0.221 0.969 0 0.005
0.222 0.456 0 0.005
0.222 0.608 0 0.005
0.222 0.66 0 0.005
0.222 0.7 0 0.005
0.222 0.785 0 0.005
0.223 0.344 0 0.005
0.223 0.979 0 0.005
0.224 0.593 0 0.005
0.225 0.173 0 0.005
0.225 0.225 0 0.005
0.225 0.425 0 0.005
0.225 0.847 0 0.005
0.226 0.521 0 0.005
0.226 0.619 0 0.005
0.226 0.815 0 0.005
0.226 0.944 0 0.005
0.227 0.827 0 0.005
0.228 0.046 0 0.005
0.228 0.078 0 0.005
0.228 0.288 0 0.005
0.228 0.302 0 0.005
0.228 0.534 0 0.005
0.228 0.737 0 0.005
0.229 0.39 0 0.005
0.229 0.992 0 0.005
0.23 0.157 0 0.005
0.23 0.963 0 0.005
0.231 0.062 0 0.005
0.231 0.147 0 0.005
0.231 0.401 0 0.005
0.231 0.775 0 0.005
0.232 0.103 0 0.005
0.232 0.68 0 0.005
0.233 0.233 0 0.005
0.233 0.325 0 0.005
0.233 0.455 0 0.005
0.233 0.66 0 0.005
0.233 0.902 0 0.005
0.234 0.128 0 0.005
0.234 0.264 0 0.005
0.234 0.704 0 0.005
0.234 0.977 0 0.005
0.235 0.209 0 0.005
0.235 0.421 0 0.005
0.235 0.853 0 0.005
0.236 0.114 0 0.005
0.236 0.508 0 0.005
0.236 0.606 0 0.005
0.236 0.841 0 0.005
0.237 0.283 0 0.005
0.237 0.376 0 0.005
0.237 0.479 0 0.005
0.237 0.721 0 0.005
0.238 0.183 0 0.005
0.238 0.527 0 0.005
0.239 0.447 0 0.005
0.239 0.922 0 0.005
0.24 0.308 0 0.005
0.24 0.551 0 0.005
0.24 0.823 0 0.005
0.241 0.081 0 0.005
0.241 0.156 0 0.005
0.241 0.691 0 0.005
0.241 0.804 0 0.005
0.241 0.952 0 0.005
0.242 0.036 0 0.005
0.242 0.676 0 0.005
0.243 0.0033125 0 0.005
0.243 0.219 0 0.005
0.243 0.337 0 0.005
0.243 0.517 0 0.005
0.243 0.619 0 0.005
0.243 0.755 0 0.005
0.244 0.538 0 0.005
0.244 0.911 0 0.005
0.245 0.014 0 0.005
0.245 0.128 0 0.005
0.245 0.242 0 0.005
0.245 0.289 0 0.005
0.245 0.409 0 0.005
0.246 0.102 0 0.005
0.246 0.117 0 0.005
0.246 0.971 0 0.005
0.247 0.066 0 0.005
0.247 0.572 0 0.005
0.247 0.643 0 0.005
0.247 0.862 0 0.005
0.248 0.272 0 0.005
0.248 0.765 0 0.005
0.249 0.374 0 0.005
0.249 0.384 0 0.005
0.249 0.659 0 0.005
0.249 0.942 0 0.005
0.25 0.321 0 0.005
0.25 0.494 0 0.005
0.25 0.796 0 0.005
0.251 0.397 0 0.005
0.251 0.474 0 0.005
0.251 0.88 0 0.005
0.252 0.05 0 0.005
0.253 0.233 0 0.005
0.254 0.363 0 0.005
0.254 0.548 0 0.005
0.255 0.072 0 0.005
0.255 0.281 0 0.005
0.255 0.608 0 0.005
0.255 0.69 0 0.005
0.256 0.341 0 0.005
0.256 0.56 0 0.005
0.257 0.15 0 0.005
0.257 0.189 0 0.005
0.257 0.22 0 0.005
0.257 0.42 0 0.005
0.257 0.572 0 0.005
0.257 0.676 0 0.005
0.258 0.202 0 0.005
0.258 0.633 0 0.005
0.258 0.863 0 0.005
0.258 0.9956875 0 0.005
0.259 0.316 0 0.005
0.259 0.407 0 0.005
0.259 0.747 0 0.005
0.26 0.038 0 0.005
0.26 0.295 0 0.005
0.26 0.459 0 0.005
0.26 0.954 0 0.005
0.262 0.538 0 0.005
0.262 0.922 0 0.005
0.263 0.879 0 0.005
0.264 0.027 0 0.005
0.264 0.525 0 0.005
0.264 0.813 0 0.005
0.264 0.969 0 0.005
0.265 0.132 0 0.005
0.265 0.7 0 0.005
0.265 0.713 0 0.005
0.265 0.849 0 0.005
0.267 0.587 0 0.005
0.268 0.01 0 0.005
0.268 0.094 0 0.005
0.268 0.274 0 0.005
0.268 0.494 0 0.005
0.269 0.665 0 0.005
0.269 0.681 0 0.005
0.269 0.795 0 0.005
0.27 0.118 0 0.005
0.27 0.309 0 0.005
0.27 0.351 0 0.005
0.27 0.513 0 0.005
0.271 0.152 0 0.005
0.272 0.247 0 0.005
0.272 0.422 0 0.005
0.272 0.553 0 0.005
0.272 0.893 0 0.005
0.273 0.236 0 0.005
0.273 0.324 0 0.005
0.273 0.576 0 0.005
0.273 0.988 0 0.005
0.274 0.082 0 0.005
0.274 0.778 0 0.005
0.275 0.729 0 0.005
0.274 0.9985833333333334 0 0.005
0.276 0.213 0 0.005
0.277 0.172 0 0.005
0.277 0.19 0 0.005
0.277 0.433 0 0.005
0.277 0.626 0 0.005
0.278 0.096 0 0.005
0.278 0.467 0 0.005
0.278 0.979 0 0.005
0.279 0.109 0 0.005
0.279 0.159 0 0.005
0.279 0.228 0 0.005
0.279 0.304 0 0.005
0.279 0.342 0 0.005
0.279 0.457 0 0.005
0.279 0.481 0 0.005
0.279 0.501 0 0.005
0.281 0.82 0 0.005
0.281 0.928 0 0.005
0.282 0.037 0 0.005
0.282 0.27 0 0.005
0.282 0.374 0 0.005
0.282 0.685 0 0.005
0.282 0.897 0 0.005
0.283 0.424 0 0.005
0.284 0.356 0 0.005
0.284 0.586 0 0.005
0.284 0.654 0 0.005
0.285 0.391 0 0.005
0.285 0.514 0 0.005
0.285 0.556 0 0.005
0.286 0.668 0 0.005
0.287 0.01 0 0.005
0.288 0.438 0 0.005
0.288 0.543 0 0.005
0.288 0.705 0 0.005
0.288 0.759 0 0.005
0.288 0.908 0 0.005
0.289 0.211 0 0.005
0.289 0.477 0 0.005
0.289 0.533 0 0.005
0.289 0.963 0 0.005
0.291 0.201 0 0.005
0.291 0.226 0 0.005
0.291 0.594 0 0.005
0.291 0.637 0 0.005
0.291 0.863 0 0.005
0.291 0.975 0 0.005
0.292 0.142 0 0.005
0.292 0.895 0 0.005
0.293 0.506 0 0.005
0.293 0.77 0 0.005
0.294 0.728 0 0.005
0.294 0.744 0 0.005
0.295 0.176 0 0.005
0.295 0.516 0 0.005
0.296 0.299 0 0.005
0.296 0.787 0 0.005
0.296 0.799 0 0.005
0.297 0.985 0 0.005
0.298 0.338 0 0.005
0.298 0.402 0 0.005
0.299 0.004 0 0.005
0.299 0.191 0 0.005
0.299 0.354 0 0.005
0.299 0.852 0 0.005
0.299 0.935 0 0.005
0.299 0.957 0 0.005
0.3 0.879 0 0.005
0.301 0.678 0 0.005
0.303 0.426 0 0.005
0.303 0.596 0 0.005
0.304 0.07 0 0.005
0.304 0.118 0 0.005
0.304 0.501 0 0.005
0.304 0.529 0 0.005
0.304 0.558 0 0.005
0.305 0.247 0 0.005
0.305 0.318 0 0.005
0.305 0.708 0 0.005
0.305 0.889 0 0.005
0.306 0.105 0 0.005
0.306 0.41 0 0.005
0.306 0.548 0 0.005
0.307 0.024 0 0.005
0.307 0.273 0 0.005
0.307 0.95 0 0.005
0.308 0.382 0 0.005
0.308 0.766 0 0.005
0.309 0.083 0 0.005
0.309 0.134 0 0.005
0.309 0.371 0 0.005
0.309 0.453 0 0.005
0.309 0.72 0 0.005
0.31 0.87 0 0.005
0.311 0.21 0 0.005
0.311 0.284 0 0.005
0.311 0.308 0 0.005
0.311 0.44 0 0.005
0.311 0.646 0 0.005
0.312 0.51 0 0.005
0.312 0.635 0 0.005
0.313 0.184 0 0.005
0.313 0.351 0 0.005
0.313 0.469 0 0.005
0.313 0.604 0 0.005
0.314 0.485 0 0.005
0.314 0.698 0 0.005
0.314 0.834 0 0.005
0.315 0.906 0 0.005
0.316 0.072 0 0.005
0.316 0.418 0 0.005
0.314 0.999 0 0.005
0.317 0.162 0 0.005
0.317 0.552 0 0.005
0.317 0.617 0 0.005
0.317 0.751 0 0.005
0.317 0.856 0 0.005
0.318 0.82 0 0.005
0.318 0.957 0 0.005
0.319 0.383 0 0.005
0.32 0.3 0 0.005
0.321 0.042 0 0.005
0.321 0.216 0 0.005
0.321 0.476 0 0.005
0.321 0.69 0 0.005
0.321 0.801 0 0.005
0.321 0.976 0 0.005
0.322 0.017 0 0.005
0.322 0.139 0 0.005
0.322 0.316 0 0.005
0.322 0.393 0 0.005
0.322 0.464 0 0.005
0.322 0.844 0 0.005
0.322 0.946 0 0.005
0.323 0.089 0 0.005
0.323 0.493 0 0.005
0.323 0.54 0 0.005
0.324 0.368 0 0.005
0.324 0.584 0 0.005
0.324 0.763 0 0.005
0.325 0.181 0 0.005
0.325 0.508 0 0.005
0.325 0.641 0 0.005
0.328 0.008 0 0.005
0.328 0.703 0 0.005
0.328 0.786 0 0.005
0.328 0.883 0 0.005
0.328 0.938 0 0.005
0.329 0.197 0 0.005
0.329 0.208 0 0.005
0.329 0.259 0 0.005
0.329 0.306 0 0.005
0.329 0.447 0 0.005
0.329 0.593 0 0.005
0.329 0.659 0 0.005
0.329 0.729 0 0.005
0.33 0.401 0 0.005
0.33 0.713 0 0.005
0.33 0.827 0 0.005
0.331 0.23 0 0.005
0.331 0.283 0 0.005
0.331 0.631 0 0.005
0.331 0.868 0 0.005
0.332 0.03 0 0.005
0.332 0.065 0 0.005
0.333 0.088 0 0.005
0.333 0.103 0 0.005
0.333 0.121 0 0.005
0.333 0.149 0 0.005
0.333 0.164 0 0.005
0.334 0.019 0 0.005
0.334 0.315 0 0.005
0.334 0.552 0 0.005
0.335 0.921 0 0.005
0.336 0.409 0 0.005
0.336 0.481 0 0.005
0.336 0.515 0 0.005
0.336 0.794 0 0.005
0.336 0.856 0 0.005
0.334 0.999 0 0.005
0.337 0.339 0 0.005
0.337 0.36 0 0.005
0.338 0.243 0 0.005
0.338 0.27 0 0.005
0.339 0.295 0 0.005
0.339 0.606 0 0.005
0.339 0.693 0 0.005
0.339 0.895 0 0.005
0.34 0.46 0 0.005
0.34 0.782 0 0.005
0.34 0.835 0 0.005
0.341 0.0017435897435897436 0 0.005
0.341 0.426 0 0.005
0.341 0.621 0 0.005
0.341 0.81 0 0.005
0.342 0.052 0 0.005
0.342 0.395 0 0.005
0.342 0.596 0 0.005
0.342 0.661 0 0.005
0.342 0.938 0 0.005
0.343 0.139 0 0.005
0.343 0.495 0 0.005
0.343 0.529 0 0.005
0.343 0.649 0 0.005
0.343 0.717 0 0.005
0.343 0.975 0 0.005
0.344 0.038 0 0.005
0.344 0.232 0 0.005
0.344 0.55 0 0.005
0.344 0.771 0 0.005
0.345 0.106 0 0.005
0.345 0.581 0 0.005
0.346 0.222 0 0.005
0.346 0.913 0 0.005
0.347 0.027 0 0.005
0.347 0.957 0 0.005
0.348 0.089 0 0.005
0.348 0.323 0 0.005
0.348 0.887 0 0.005
0.349 0.184 0 0.005
0.349 0.207 0 0.005
0.349 0.564 0 0.005
0.349 0.64 0 0.005
0.349 0.743 0 0.005
0.349 0.803 0 0.005
0.35 0.287 0 0.005
0.351 0.519 0 0.005
0.352 0.277 0 0.005
0.353 0.691 0 0.005
0.353 0.766 0 0.005
0.354 0.055 0 0.005
0.354 0.468 0 0.005
0.354 0.708 0 0.005
0.355 0.111 0 0.005
0.355 0.368 0 0.005
0.355 0.453 0 0.005
0.355 0.488 0 0.005
0.355 0.54 0 0.005
0.356 0.158 0 0.005
0.356 0.607 0 0.005
0.357 0.594 0 0.005
0.357 0.822 0 0.005
0.357 0.845 0 0.005
0.357 0.859 0 0.005
0.357 0.873 0 0.005
0.358 0.0017435897435897436 0 0.005
0.358 0.728 0 0.005
0.358 0.754 0 0.005
0.359 0.016 0 0.005
0.359 0.51 0 0.005
0.359 0.57 0 0.005
0.359 0.668 0 0.005
0.359 0.783 0 0.005
0.36 0.56 0 0.005
0.361 0.319 0 0.005
0.361 0.414 0 0.005
0.362 0.026 0 0.005
0.362 0.203 0 0.005
0.362 0.435 0 0.005
0.362 0.624 0 0.005
0.363 0.096 0 0.005
0.363 0.741 0 0.005
0.363 0.893 0 0.005
0.363 0.924 0 0.005
0.363 0.969 0 0.005
0.364 0.985 0 0.005
0.365 0.18 0 0.005
0.365 0.239 0 0.005
0.365 0.337 0 0.005
0.366 0.066 0 0.005
0.366 0.651 0 0.005
0.366 0.909 0 0.005
0.367 0.16 0 0.005
0.367 0.276 0 0.005
0.367 0.304 0 0.005
0.367 0.368 0 0.005
0.367 0.674 0 0.005
0.367 0.821 0 0.005
0.368 0.216 0 0.005
0.368 0.548 0 0.005
0.369 0.722 0 0.005
0.37 0.487 0 0.005
0.371 0.39 0 0.005
0.373 0.004 0 0.005
0.373 0.471 0 0.005
0.373 0.519 0 0.005
0.373 0.752 0 0.005
0.373 0.766 0 0.005
0.373 0.882 0 0.005
0.373 0.923 0 0.005
0.374 0.13 0 0.005
0.374 0.186 0 0.005
0.374 0.435 0 0.005
0.374 0.503 0 0.005
0.374 0.962 0 0.005
0.375 0.533 0 0.005
0.375 0.596 0 0.005
0.375 0.853 0 0.005
0.376 0.107 0 0.005
0.376 0.36 0 0.005
0.377 0.902 0 0.005
0.378 0.046 0 0.005
0.378 0.176 0 0.005
0.378 0.278 0 0.005
0.378 0.34 0 0.005
0.378 0.63 0 0.005
0.378 0.695 0 0.005
0.378 0.827 0 0.005
0.379 0.327 0 0.005
0.379 0.946 0 0.005
0.38 0.028 0 0.005
0.38 0.058 0 0.005
0.38 0.568 0 0.005
0.38 0.613 0 0.005
0.381 0.203 0 0.005
0.381 0.58 0 0.005
0.381 0.797 0 0.005
0.381 0.9956875 0 0.005
0.382 0.095 0 0.005
0.382 0.147 0 0.005
0.383 0.406 0 0.005
0.383 0.757 0 0.005
0.384 0.004 0 0.005
0.384 0.922 0 0.005
0.385 0.19 0 0.005
0.385 0.266 0 0.005
0.385 0.303 0 0.005
0.385 0.366 0 0.005
0.385 0.779 0 0.005
0.386 0.07 0 0.005
0.386 0.116 0 0.005
0.386 0.418 0 0.005
0.387 0.243 0 0.005
0.388 0.285 0 0.005
0.388 0.381 0 0.005
0.388 0.639 0 0.005
0.388 0.743 0 0.005
0.388 0.893 0 0.005
0.389 0.047 0 0.005
0.389 0.172 0 0.005
0.389 0.217 0 0.005
0.39 0.62 0 0.005
0.391 0.09 0 0.005
0.391 0.101 0 0.005
0.391 0.951 0 0.005
0.392 0.858 0 0.005
0.393 0.341 0 0.005
0.393 0.462 0 0.005
0.393 0.488 0 0.005
0.393 0.989 0 0.005
0.394 0.295 0 0.005
0.394 0.751 0 0.005
0.396 0.191 0 0.005
0.396 0.235 0 0.005
0.396 0.607 0 0.005
0.396 0.782 0 0.005
0.397 0.143 0 0.005
0.398 0.436 0 0.005
0.398 0.692 0 0.005
0.398 0.724 0 0.005
0.398 0.906 0 0.005
0.399 0.133 0 0.005
0.399 0.826 0 0.005
0.399 0.98 0 0.005
0.4 0.175 0 0.005
0.4 0.916 0 0.005
0.4 0.959 0 0.005
0.401 0.207 0 0.005
0.401 0.891 0 0.005
0.402 0.639 0 0.005
0.402 0.662 0 0.005
0.403 0.314 0 0.005
0.403 0.34 0 0.005
0.403 0.804 0 0.005
0.404 0.525 0 0.005
0.404 0.853 0 0.005
0.404 0.863 0 0.005
0.405 0.164 0 0.005
0.405 0.196 0 0.005
0.405 0.376 0 0.005
0.405 0.498 0 0.005
0.405 0.764 0 0.005
0.406 0.036 0 0.005
0.406 0.073 0 0.005
0.406 0.543 0 0.005
0.407 0.236 0 0.005
0.407 0.282 0 0.005
0.407 0.584 0 0.005
0.407 0.752 0 0.005
0.407 0.995 0 0.005
0.408 0.421 0 0.005
0.408 0.971 0 0.005
0.409 0.095 0 0.005
0.409 0.138 0 0.005
0.409 0.387 0 0.005
0.409 0.702 0 0.005
0.409 0.821 0 0.005
0.41 0.0022291666666666666 0 0.005
0.41 0.047 0 0.005
0.41 0.475 0 0.005
0.41 0.508 0 0.005
0.41 0.555 0 0.005
0.411 0.334 0 0.005
0.411 0.937 0 0.005
0.412 0.023 0 0.005
0.412 0.117 0 0.005
0.412 0.458 0 0.005
0.412 0.692 0 0.005
0.413 0.204 0 0.005
0.413 0.357 0 0.005
0.413 0.889 0 0.005
0.414 0.713 0 0.005
0.414 0.724 0 0.005
0.415 0.064 0 0.005
0.415 0.242 0 0.005
0.415 0.665 0 0.005
0.415 0.78 0 0.005
0.416 0.174 0 0.005
0.416 0.576 0 0.005
0.416 0.621 0 0.005
0.416 0.762 0 0.005
0.416 0.867 0 0.005
0.417 0.597 0 0.005
0.417 0.912 0 0.005
0.417 0.928 0 0.005
0.418 0.432 0 0.005
0.419 0.225 0 0.005
0.42 0.282 0 0.005
0.42 0.374 0 0.005
0.421 0.096 0 0.005
0.421 0.493 0 0.005
0.421 0.902 0 0.005
0.423 0.115 0 0.005
0.423 0.15 0 0.005
0.423 0.355 0 0.005
0.423 0.633 0 0.005
0.423 0.834 0 0.005
0.423 0.85 0 0.005
0.424 0.515 0 0.005
0.424 0.564 0 0.005
0.424 0.589 0 0.005
0.424 0.796 0 0.005
0.424 0.806 0 0.005
0.424 0.887 0 0.005
0.425 0.409 0 0.005
0.425 0.751 0 0.005
0.425 0.771 0 0.005
0.425 0.979 0 0.005
0.426 0.258 0 0.005
0.426 0.738 0 0.005
0.427 0.969 0 0.005
0.428 0.007 0 0.005
0.428 0.244 0 0.005
0.428 0.458 0 0.005
0.429 0.037 0 0.005
0.43 0.212 0 0.005
0.43 0.379 0 0.005
0.43 0.682 0 0.005
0.43 0.895 0 0.005
0.431 0.056 0 0.005
0.431 0.082 0 0.005
0.431 0.167 0 0.005
0.431 0.188 0 0.005
0.431 0.643 0 0.005
0.431 0.654 0 0.005
0.432 0.434 0 0.005
0.432 0.495 0 0.005
0.432 0.543 0 0.005
0.433 0.303 0 0.005
0.434 0.15 0 0.005
0.434 0.727 0 0.005
0.434 0.79 0 0.005
0.434 0.869 0 0.005
0.435 0.203 0 0.005
0.435 0.231 0 0.005
0.435 0.263 0 0.005
0.435 0.408 0 0.005
0.436 0.904 0 0.005
0.437 0.065 0 0.005
0.437 0.278 0 0.005
0.437 0.846 0 0.005
0.438 0.569 0 0.005
0.438 0.775 0 0.005
0.439 0.141 0 0.005
0.439 0.344 0 0.005
0.439 0.509 0 0.005
0.44 0.009 0 0.005
0.44 0.321 0 0.005
0.44 0.454 0 0.005
0.44 0.981 0 0.005
0.44 0.996280701754386 0 0.005
0.441 0.376 0 0.005
0.441 0.711 0 0.005
0.441 0.808 0 0.005
0.442 0.086 0 0.005
0.443 0.025 0 0.005
0.443 0.218 0 0.005
0.443 0.881 0 0.005
0.444 0.402 0 0.005
0.445 0.183 0 0.005
0.445 0.303 0 0.005
0.446 0.257 0 0.005
0.446 0.751 0 0.005
0.446 0.862 0 0.005
0.447 0.292 0 0.005
0.447 0.692 0 0.005
0.448 0.787 0 0.005
0.449 0.111 0 0.005
0.449 0.618 0 0.005
0.449 0.763 0 0.005
0.449 0.895 0 0.005
0.449 0.947 0 0.005
0.45 0.121 0 0.005
0.45 0.591 0 0.005
0.45 0.633 0 0.005
0.451 0.081 0 0.005
0.451 0.344 0 0.005
0.451 0.979 0 0.005
0.452 0.927 0 0.005
0.453 0.013 0 0.005
0.453 0.424 0 0.005
0.454 0.263 0 0.005
0.454 0.523 0 0.005
0.454 0.714 0 0.005
0.454 0.725 0 0.005
0.455 0.07 0 0.005
0.455 0.373 0 0.005
0.455 0.904 0 0.005
0.456 0.035 0 0.005
0.456 0.454 0 0.005
0.456 0.603 0 0.005
0.457 0.187 0 0.005
0.457 0.204 0 0.005
0.458 0.273 0 0.005
0.458 0.307 0 0.005
0.458 0.822 0 0.005
0.459 0.114 0 0.005
0.459 0.158 0 0.005
0.459 0.539 0 0.005
0.459 0.662 0 0.005
0.46 0.089 0 0.005
0.46 0.493 0 0.005
0.46 0.687 0 0.005
0.461 0.741 0 0.005
0.461 0.922 0 0.005
0.462 0.25 0 0.005
0.462 0.934 0 0.005
0.463 0.177 0 0.005
0.463 0.474 0 0.005
0.463 0.813 0 0.005
0.463 0.849 0 0.005
0.463 0.879 0 0.005
0.464 0.263 0 0.005
0.464 0.324 0 0.005
0.464 0.779 0 0.005
0.465 0.708 0 0.005
0.465 0.978 0 0.005
0.466 0.839 0 0.005
0.466 0.862 0 0.005
0.466 0.99 0 0.005
0.467 0.341 0 0.005
0.467 0.593 0 0.005
0.467 0.646 0 0.005
0.468 0.904 0 0.005
0.468 0.948 0 0.005
0.469 0.554 0 0.005
0.47 0.126 0 0.005
0.47 0.46 0 0.005
0.471 0.169 0 0.005
0.471 0.425 0 0.005
0.471 0.731 0 0.005
0.471 0.79 0 0.005
0.472 0.0022291666666666666 0 0.005
0.472 0.153 0 0.005
0.472 0.273 0 0.005
0.473 0.116 0 0.005
0.473 0.142 0 0.005
0.473 0.252 0 0.005
0.473 0.385 0 0.005
0.473 0.688 0 0.005
0.474 0.041 0 0.005
0.474 0.489 0 0.005
0.474 0.804 0 0.005
0.475 0.816 0 0.005
0.476 0.221 0 0.005
0.476 0.319 0 0.005
0.476 0.475 0 0.005
0.477 0.064 0 0.005
0.477 0.353 0 0.005
0.477 0.569 0 0.005
0.477 0.887 0 0.005
0.478 0.098 0 0.005
0.478 0.539 0 0.005
0.478 0.828 0 0.005
0.478 0.916 0 0.005
0.479 0.418 0 0.005
0.479 0.7 0 0.005
0.479 0.903 0 0.005
0.48 0.184 0 0.005
0.48 0.853 0 0.005
0.48 0.974 0 0.005
0.481 0.4 0 0.005
0.481 0.642 0 0.005
0.481 0.674 0 0.005
0.482 0.453 0 0.005
0.482 0.593 0 0.005
0.482 0.939 0 0.005
0.483 0.0017435897435897436 0 0.005
0.483 0.087 0 0.005
0.483 0.283 0 0.005
0.483 0.371 0 0.005
0.484 0.015 0 0.005
0.484 0.515 0 0.005
0.485 0.034 0 0.005
0.485 0.266 0 0.005
0.485 0.989 0 0.005
0.486 0.218 0 0.005
0.487 0.139 0 0.005
0.487 0.717 0 0.005
0.487 0.888 0 0.005
0.487 0.966 0 0.005
0.489 0.409 0 0.005
0.489 0.5 0 0.005
0.489 0.653 0 0.005
0.49 0.737 0 0.005
0.49 0.823 0 0.005
0.49 0.911 0 0.005
0.491 0.166 0 0.005
0.491 0.235 0 0.005
0.491 0.467 0 0.005
0.491 0.617 0 0.005
0.491 0.671 0 0.005
0.491 0.933 0 0.005
0.492 0.275 0 0.005
0.492 0.575 0 0.005
0.492 0.797 0 0.005
0.493 0.155 0 0.005
0.493 0.331 0 0.005
0.493 0.352 0 0.005
0.493 0.691 0 0.005
0.494 0.488 0 0.005
0.495 0.112 0 0.005
0.495 0.536 0 0.005
0.495 0.594 0 0.005
0.495 0.71 0 0.005
0.496 0.191 0 0.005
0.496 0.919 0 0.005
0.497 0.009 0 0.005
0.497 0.041 0 0.005
0.497 0.51 0 0.005
0.497 0.814 0 0.005
0.498 0.128 0 0.005
0.499 0.25 0 0.005
0.499 0.39 0 0.005
0.499 0.679 0 0.005
0.5 0.585 0 0.005
0.5 0.656 0 0.005
0.499 0.9985833333333334 0 0.005
0.501 0.138 0 0.005
0.501 0.212 0 0.005
0.501 0.432 0 0.005
0.501 0.463 0 0.005
0.501 0.752 0 0.005
0.501 0.846 0 0.005
0.502 0.064 0 0.005
0.502 0.445 0 0.005
0.502 0.972 0 0.005
0.503 0.411 0 0.005
0.503 0.765 0 0.005
0.503 0.824 0 0.005
0.504 0.241 0 0.005
0.504 0.299 0 0.005
0.504 0.347 0 0.005
0.504 0.603 0 0.005
0.504 0.795 0 0.005
0.505 0.542 0 0.005
0.506 0.019 0 0.005
0.507 0.029 0 0.005
0.508 0.705 0 0.005
0.509 0.944 0 0.005
0.51 0.275 0 0.005
0.51 0.333 0 0.005
0.51 0.508 0 0.005
0.511 0.185 0 0.005
0.511 0.38 0 0.005
0.511 0.402 0 0.005
0.511 0.906 0 0.005
0.512 0.043 0 0.005
0.512 0.109 0 0.005
0.512 0.488 0 0.005
0.512 0.65 0 0.005
0.513 0.678 0 0.005
0.513 0.787 0 0.005
0.513 0.844 0 0.005
0.513 0.961 0 0.005
0.514 0.164 0 0.005
0.514 0.413 0 0.005
0.515 0.24 0 0.005
0.515 0.9972564102564103 0 0.005
0.516 0.141 0 0.005
0.516 0.194 0 0.005
0.516 0.461 0 0.005
0.516 0.753 0 0.005
0.516 0.863 0 0.005
0.516 0.894 0 0.005
0.517 0.357 0 0.005
0.517 0.586 0 0.005
0.517 0.931 0 0.005
0.518 0.175 0 0.005
0.518 0.256 0 0.005
0.518 0.833 0 0.005
0.519 0.423 0 0.005
0.519 0.664 0 0.005
0.519 0.974 0 0.005
0.52 0.817 0 0.005
0.52 0.945 0 0.005
0.521 0.083 0 0.005
0.521 0.219 0 0.005
0.521 0.337 0 0.005
0.521 0.382 0 0.005
0.522 0.267 0 0.005
0.522 0.445 0 0.005
0.523 0.765 0 0.005
0.523 0.842 0 0.005
0.524 0.29 0 0.005
0.524 0.625 0 0.005
0.526 0.052 0 0.005
0.526 0.748 0 0.005
0.527 0.374 0 0.005
0.527 0.646 0 0.005
0.527 0.679 0 0.005
0.527 0.864 0 0.005
0.528 0.0022291666666666666 0 0.005
0.528 0.104 0 0.005
0.528 0.795 0 0.005
0.529 0.477 0 0.005
0.529 0.634 0 0.005
0.529 0.776 0 0.005
0.53 0.466 0 0.005
0.53 0.92 0 0.005
0.531 0.575 0 0.005
0.531 0.593 0 0.005
0.531 0.93 0 0.005
0.531 0.949 0 0.005
0.532 0.142 0 0.005
0.532 0.393 0 0.005
0.532 0.557 0 0.005
0.532 0.836 0 0.005
0.532 0.905 0 0.005
0.533 0.029 0 0.005
0.533 0.237 0 0.005
0.533 0.261 0 0.005
0.533 0.332 0 0.005
0.533 0.422 0 0.005
0.533 0.663 0 0.005
0.534 0.502 0 0.005
0.536 0.702 0 0.005
0.536 0.759 0 0.005
0.537 0.412 0 0.005
0.537 0.822 0 0.005
0.538 0.002719298245614035 0 0.005
0.538 0.039 0 0.005
0.538 0.306 0 0.005
0.539 0.896 0 0.005
0.539 0.98 0 0.005
0.54 0.082 0 0.005
0.54 0.444 0 0.005
0.541 0.606 0 0.005
0.541 0.962 0 0.005
0.542 0.29 0 0.005
0.542 0.527 0 0.005
0.542 0.538 0 0.005
0.542 0.579 0 0.005
0.542 0.846 0 0.005
0.543 0.107 0 0.005
0.543 0.332 0 0.005
0.543 0.382 0 0.005
0.543 0.403 0 0.005
0.543 0.512 0 0.005
0.543 0.623 0 0.005
0.544 0.058 0 0.005
0.544 0.13 0 0.005
0.544 0.198 0 0.005
0.544 0.427 0 0.005
0.544 0.592 0 0.005
0.544 0.91 0 0.005
0.545 0.15 0 0.005
0.545 0.363 0 0.005
0.546 0.244 0 0.005
0.547 0.823 0 0.005
0.548 0.474 0 0.005
0.548 0.74 0 0.005
0.548 0.802 0 0.005
0.549 0.301 0 0.005
0.549 0.347 0 0.005
0.55 0.031 0 0.005
0.55 0.091 0 0.005
0.55 0.666 0 0.005
0.55 0.78 0 0.005
0.551 0.448 0 0.005
0.551 0.751 0 0.005
0.553 0.064 0 0.005
0.553 0.232 0 0.005
0.553 0.253 0 0.005
0.553 0.283 0 0.005
0.553 0.701 0 0.005
0.554 0.327 0 0.005
0.554 0.631 0 0.005
0.554 0.681 0 0.005
0.554 0.936 0 0.005
0.554 0.965 0 0.005
0.555 0.388 0 0.005
0.555 0.429 0 0.005
0.555 0.901 0 0.005
0.556 0.591 0 0.005
0.557 0.613 0 0.005
0.558 0.206 0 0.005
0.558 0.829 0 0.005
0.558 0.976 0 0.005
0.559 0.482 0 0.005
0.56 0.123 0 0.005
0.561 0.295 0 0.005
0.561 0.447 0 0.005
0.561 0.779 0 0.005
0.562 0.053 0 0.005
0.562 0.36 0 0.005
0.562 0.819 0 0.005
0.562 0.909 0 0.005
0.563 0.02 0 0.005
0.563 0.092 0 0.005
0.563 0.111 0 0.005
0.563 0.26 0 0.005
0.563 0.422 0 0.005
0.563 0.569 0 0.005
0.564 0.501 0 0.005
0.564 0.517 0 0.005
0.564 0.672 0 0.005
0.564 0.9972564102564103 0 0.005
0.566 0.627 0 0.005
0.567 0.397 0 0.005
0.567 0.648 0 0.005
0.567 0.865 0 0.005
0.567 0.922 0 0.005
0.568 0.463 0 0.005
0.568 0.53 0 0.005
0.569 0.151 0 0.005
0.569 0.226 0 0.005
0.569 0.479 0 0.005
0.569 0.54 0 0.005
0.569 0.797 0 0.005
0.569 0.809 0 0.005
0.57 0.047 0 0.005
0.57 0.084 0 0.005
0.57 0.247 0 0.005
0.57 0.938 0 0.005
0.571 0.002719298245614035 0 0.005
0.571 0.119 0 0.005
0.571 0.269 0 0.005
0.571 0.748 0 0.005
0.572 0.33 0 0.005
0.572 0.709 0 0.005
0.573 0.281 0 0.005
0.573 0.42 0 0.005
0.573 0.436 0 0.005
0.573 0.561 0 0.005
0.574 0.388 0 0.005
0.574 0.621 0 0.005
0.574 0.721 0 0.005
0.574 0.908 0 0.005
0.574 0.9981904761904762 0 0.005
0.575 0.522 0 0.005
0.575 0.603 0 0.005
0.576 0.35 0 0.005
0.576 0.47 0 0.005
0.577 0.41 0 0.005
0.578 0.037 0 0.005
0.578 0.054 0 0.005
0.578 0.105 0 0.005
0.578 0.664 0 0.005
0.579 0.188 0 0.005
0.579 0.289 0 0.005
0.579 0.544 0 0.005
0.58 0.36 0 0.005
0.58 0.781 0 0.005
0.58 0.919 0 0.005
0.581 0.133 0 0.005
0.581 0.166 0 0.005
0.582 0.027 0 0.005
0.582 0.203 0 0.005
0.582 0.3 0 0.005
0.582 0.595 0 0.005
0.582 0.947 0 0.005
0.582 0.971 0 0.005
0.582 0.989 0 0.005
0.583 0.235 0 0.005
0.583 0.459 0 0.005
0.583 0.575 0 0.005
0.584 0.824 0 0.005
0.584 0.885 0 0.005
0.585 0.017 0 0.005
0.585 0.338 0 0.005
0.585 0.803 0 0.005
0.585 0.869 0 0.005
0.586 0.078 0 0.005
0.586 0.383 0 0.005
0.586 0.671 0 0.005
0.587 0.507 0 0.005
0.587 0.534 0 0.005
0.587 0.613 0 0.005
0.587 0.627 0 0.005
0.587 0.726 0 0.005
0.588 0.348 0 0.005
0.588 0.395 0 0.005
0.588 0.697 0 0.005
0.589 0.105 0 0.005
0.589 0.318 0 0.005
0.59 0.328 0 0.005
0.59 0.361 0 0.005
0.59 0.482 0 0.005
0.591 0.467 0 0.005
0.589 0.999 0 0.005
0.592 0.16 0 0.005
0.592 0.559 0 0.005
0.592 0.649 0 0.005
0.592 0.861 0 0.005
0.593 0.133 0 0.005
0.594 0.006 0 0.005
0.594 0.085 0 0.005
0.594 0.84 0 0.005
0.595 0.177 0 0.005
0.595 0.236 0 0.005
0.595 0.262 0 0.005
0.595 0.42 0 0.005
0.595 0.6 0 0.005
0.596 0.22 0 0.005
0.596 0.95 0 0.005
0.596 0.99 0 0.005
0.597 0.456 0 0.005
0.597 0.937 0 0.005
0.598 0.05 0 0.005
0.598 0.145 0 0.005
0.598 0.203 0 0.005
0.598 0.43 0 0.005
0.598 0.623 0 0.005
0.598 0.98 0 0.005
0.599 0.102 0 0.005
0.599 0.784 0 0.005
0.599 0.796 0 0.005
0.6 0.252 0 0.005
0.6 0.751 0 0.005
0.601 0.12 0 0.005
0.603 0.332 0 0.005
0.604 0.652 0 0.005
0.604 0.996280701754386 0 0.005
0.605 0.006 0 0.005
0.605 0.518 0 0.005
0.606 0.161 0 0.005
0.606 0.4 0 0.005
0.606 0.501 0 0.005
0.607 0.035 0 0.005
0.607 0.093 0 0.005
0.607 0.471 0 0.005
0.607 0.696 0 0.005
0.608 0.23 0 0.005
0.608 0.978 0 0.005
0.609 0.206 0 0.005
0.609 0.259 0 0.005
0.609 0.385 0 0.005
0.609 0.528 0 0.005
0.609 0.855 0 0.005
0.61 0.018 0 0.005
0.61 0.217 0 0.005
0.61 0.789 0 0.005
0.61 0.836 0 0.005
0.611 0.481 0 0.005
0.611 0.926 0 0.005
0.612 0.722 0 0.005
0.613 0.188 0 0.005
0.613 0.865 0 0.005
0.614 0.733 0 0.005
0.614 0.763 0 0.005
0.614 0.775 0 0.005
0.614 0.969 0 0.005
0.615 0.541 0 0.005
0.615 0.555 0 0.005
0.616 0.067 0 0.005
0.616 0.645 0 0.005
0.616 0.801 0 0.005
0.617 0.124 0 0.005
0.617 0.456 0 0.005
0.617 0.617 0 0.005
0.618 0.036 0 0.005
0.618 0.153 0 0.005
0.618 0.275 0 0.005
0.618 0.415 0 0.005
0.619 0.493 0 0.005
0.619 0.9981904761904762 0 0.005
0.62 0.176 0 0.005
0.62 0.308 0 0.005
0.62 0.402 0 0.005
0.62 0.686 0 0.005
0.621 0.0033125 0 0.005
0.621 0.481 0 0.005
0.621 0.572 0 0.005
0.621 0.714 0 0.005
0.621 0.908 0 0.005
0.622 0.666 0 0.005
0.622 0.769 0 0.005
0.622 0.781 0 0.005
0.622 0.856 0 0.005
0.623 0.013 0 0.005
0.624 0.373 0 0.005
0.624 0.627 0 0.005
0.624 0.96 0 0.005
0.625 0.287 0 0.005
0.625 0.828 0 0.005
0.626 0.795 0 0.005
0.627 0.129 0 0.005
0.627 0.61 0 0.005
0.627 0.99 0 0.005
0.628 0.052 0 0.005
0.628 0.096 0 0.005
0.628 0.413 0 0.005
0.629 0.086 0 0.005
0.629 0.895 0 0.005
0.63 0.577 0 0.005
0.631 0.158 0 0.005
0.631 0.21 0 0.005
0.631 0.706 0 0.005
0.632 0.452 0 0.005
0.634 0.299 0 0.005
0.634 0.54 0 0.005
0.634 0.623 0 0.005
0.634 0.859 0 0.005
0.634 0.872 0 0.005
0.634 0.91 0 0.005
0.635 0.363 0 0.005
0.635 0.391 0 0.005
0.635 0.568 0 0.005
0.635 0.64 0 0.005
0.636 0.175 0 0.005
0.637 0.232 0 0.005
0.638 0.112 0 0.005
0.638 0.41 0 0.005
0.638 0.604 0 0.005
0.639 0.519 0 0.005
0.639 0.68 0 0.005
0.639 0.773 0 0.005
0.639 0.949 0 0.005
0.64 0.148 0 0.005
0.64 0.427 0 0.005
0.64 0.757 0 0.005
0.64 0.815 0 0.005
0.641 0.093 0 0.005
0.641 0.343 0 0.005
0.642 0.009 0 0.005
0.642 0.036 0 0.005
0.642 0.323 0 0.005
0.642 0.508 0 0.005
0.642 0.929 0 0.005
0.643 0.058 0 0.005
0.643 0.659 0 0.005
0.643 0.791 0 0.005
0.644 0.833 0 0.005
0.644 0.885 0 0.005
0.645 0.374 0 0.005
0.645 0.391 0 0.005
0.645 0.547 0 0.005
0.645 0.855 0 0.005
0.646 0.217 0 0.005
0.646 0.356 0 0.005
0.647 0.635 0 0.005
0.647 0.727 0 0.005
0.647 0.781 0 0.005
0.647 0.976 0 0.005
0.648 0.045 0 0.005
0.648 0.119 0 0.005
0.648 0.166 0 0.005
0.648 0.404 0 0.005
0.648 0.487 0 0.005
0.648 0.564 0 0.005
0.649 0.244 0 0.005
0.649 0.799 0 0.005
0.649 0.873 0 0.005
0.65 0.29 0 0.005
0.651 0.082 0 0.005
0.651 0.667 0 0.005
0.652 0.204 0 0.005
0.652 0.269 0 0.005
0.653 0.03 0 0.005
0.653 0.155 0 0.005
0.654 0.228 0 0.005
0.654 0.516 0 0.005
0.655 0.111 0 0.005
0.655 0.852 0 0.005
0.655 0.988 0 0.005
0.656 0.338 0 0.005
0.656 0.442 0 0.005
0.656 0.692 0 0.005
0.656 0.721 0 0.005
0.657 0.744 0 0.005
0.657 0.913 0 0.005
0.658 0.009 0 0.005
0.658 0.186 0 0.005
0.658 0.618 0 0.005
0.659 0.477 0 0.005
0.659 0.504 0 0.005
0.659 0.575 0 0.005
0.659 0.628 0 0.005
0.659 0.0004166666666666667 0 0.005
0.66 0.132 0 0.005
0.66 0.769 0 0.005
0.661 0.666 0 0.005
0.661 0.803 0 0.005
0.661 0.958 0 0.005
0.662 0.037 0 0.005
0.662 0.351 0 0.005
0.662 0.602 0 0.005
0.663 0.256 0 0.005
0.663 0.366 0 0.005
0.663 0.386 0 0.005
0.663 0.752 0 0.005
0.664 0.451 0 0.005
0.665 0.787 0 0.005
0.666 0.1 0 0.005
0.666 0.162 0 0.005
0.666 0.274 0 0.005
0.666 0.32 0 0.005
0.667 0.681 0 0.005
0.667 0.844 0 0.005
0.667 0.889 0 0.005
0.668 0.019 0 0.005
0.669 0.552 0 0.005
0.669 0.637 0 0.005
0.669 0.734 0 0.005
0.67 0.047 0 0.005
0.67 0.07 0 0.005
0.67 0.082 0 0.005
0.67 0.181 0 0.005
0.67 0.657 0 0.005
0.67 0.775 0 0.005
0.67 0.976 0 0.005
0.671 0.485 0 0.005
0.671 0.541 0 0.005
0.671 0.802 0 0.005
0.671 0.833 0 0.005
0.672 0.004 0 0.005
0.672 0.238 0 0.005
0.672 0.821 0 0.005
0.673 0.712 0 0.005
0.673 0.949 0 0.005
0.675 0.094 0 0.005
0.675 0.472 0 0.005
0.676 0.156 0 0.005
0.676 0.322 0 0.005
0.676 0.439 0 0.005
0.676 0.667 0 0.005
0.676 0.911 0 0.005
0.677 0.191 0 0.005
0.677 0.375 0 0.005
0.677 0.585 0 0.005
0.677 0.785 0 0.005
0.677 0.867 0 0.005
0.677 0.896 0 0.005
0.677 0.99 0 0.005
0.678 0.385 0 0.005
0.678 0.65 0 0.005
0.679 0.201 0 0.005
0.68 0.119 0 0.005
0.68 0.616 0 0.005
0.68 0.795 0 0.005
0.681 0.103 0 0.005
0.681 0.68 0 0.005
0.682 0.43 0 0.005
0.682 0.524 0 0.005
0.684 0.5 0 0.005
0.684 0.943 0 0.005
0.685 0.066 0 0.005
0.685 0.336 0 0.005
0.686 0.176 0 0.005
0.686 0.558 0 0.005
0.687 0.189 0 0.005
0.687 0.972 0 0.005
0.689 0.934 0 0.005
0.689 0.996280701754386 0 0.005
0.69 0.385 0 0.005
0.69 0.466 0 0.005
0.691 0.323 0 0.005
0.692 0.285 0 0.005
0.693 0.665 0 0.005
0.694 0.486 0 0.005
0.694 0.774 0 0.005
0.695 0.095 0 0.005
0.695 0.114 0 0.005
0.695 0.217 0 0.005
0.695 0.634 0 0.005
0.696 0.022 0 0.005
0.696 0.25 0 0.005
0.696 0.358 0 0.005
0.696 0.601 0 0.005
0.696 0.722 0 0.005
0.696 0.82 0 0.005
0.696 0.986 0 0.005
0.697 0.132 0 0.005
0.697 0.42 0 0.005
0.697 0.553 0 0.005
0.697 0.567 0 0.005
0.697 0.65 0 0.005
0.698 0.233 0 0.005
0.698 0.272 0 0.005
0.698 0.752 0 0.005
0.698 0.893 0 0.005
0.698 0.939 0 0.005
0.699 0.332 0 0.005
0.7 0.534 0 0.005
0.7 0.916 0 0.005
0.7 0.976 0 0.005
0.701 0.08 0 0.005
0.701 0.346 0 0.005
0.701 0.961 0 0.005
0.702 0.368 0 0.005
0.702 0.781 0 0.005
0.703 0.435 0 0.005
0.703 0.852 0 0.005
0.704 0.291 0 0.005
0.704 0.385 0 0.005
0.704 0.516 0 0.005
0.704 0.662 0 0.005
0.704 0.831 0 0.005
0.705 0.446 0 0.005
0.705 0.688 0 0.005
0.706 0.058 0 0.005
0.706 0.314 0 0.005
0.706 0.545 0 0.005
0.706 0.644 0 0.005
0.707 0.189 0 0.005
0.708 0.105 0 0.005
0.708 0.456 0 0.005
0.708 0.565 0 0.005
0.708 0.814 0 0.005
0.709 0.218 0 0.005
0.709 0.303 0 0.005
0.709 0.609 0 0.005
0.709 0.71 0 0.005
0.709 0.795 0 0.005
0.709 0.909 0 0.005
0.71 0.619 0 0.005
0.71 0.737 0 0.005
0.711 0.131 0 0.005
0.711 0.202 0 0.005
0.711 0.33 0 0.005
0.711 0.344 0 0.005
0.711 0.977 0 0.005
0.711 0.996280701754386 0 0.005
0.712 0.768 0 0.005
0.713 0.577 0 0.005
0.713 0.826 0 0.005
0.715 0.265 0 0.005
0.715 0.487 0 0.005
0.715 0.674 0 0.005
0.716 0.534 0 0.005
0.716 0.808 0 0.005
0.716 0.963 0 0.005
0.716 0.987 0 0.005
0.717 0.152 0 0.005
0.717 0.867 0 0.005
0.718 0.013 0 0.005
0.718 0.172 0 0.005
0.718 0.428 0 0.005
0.718 0.652 0 0.005
0.719 0.247 0 0.005
0.719 0.555 0 0.005
0.719 0.593 0 0.005
0.719 0.792 0 0.005
0.719 0.849 0 0.005
0.719 0.948 0 0.005
0.72 0.906 0 0.005
0.721 0.086 0 0.005
0.721 0.328 0 0.005
0.722 0.639 0 0.005
0.722 0.693 0 0.005
0.723 0.024 0 0.005
0.723 0.479 0 0.005
0.724 0.103 0 0.005
0.724 0.295 0 0.005
0.724 0.406 0 0.005
0.724 0.779 0 0.005
0.725 0.114 0 0.005
0.725 0.201 0 0.005
0.725 0.36 0 0.005
0.725 0.604 0 0.005
0.725 0.753 0 0.005
0.725 0.978 0 0.005
0.726 0.39 0 0.005
0.726 0.489 0 0.005
0.726 0.887 0 0.005
0.727 0.133 0 0.005
0.727 0.159 0 0.005
0.727 0.968 0 0.005
0.728 0.008 0 0.005
0.728 0.281 0 0.005
0.728 0.547 0 0.005
0.728 0.82 0 0.005
0.729 0.065 0 0.005
0.729 0.536 0 0.005
0.729 0.733 0 0.005
0.729 0.934 0 0.005
0.729 0.992 0 0.005
0.73 0.239 0 0.005
0.73 0.46 0 0.005
0.73 0.517 0 0.005
0.73 0.622 0 0.005
0.73 0.9 0 0.005
0.731 0.269 0 0.005
0.731 0.321 0 0.005
0.732 0.145 0 0.005
0.732 0.371 0 0.005
0.732 0.568 0 0.005
0.732 0.638 0 0.005
0.733 0.426 0 0.005
0.734 0.0012666666666666666 0 0.005
0.734 0.109 0 0.005
0.734 0.167 0 0.005
0.734 0.698 0 0.005
0.734 0.841 0 0.005
0.734 0.953 0 0.005
0.735 0.192 0 0.005
0.735 0.295 0 0.005
0.735 0.45 0 0.005
0.736 0.249 0 0.005
0.736 0.388 0 0.005
0.737 0.594 0 0.005
0.738 0.032 0 0.005
0.738 0.524 0 0.005
0.738 0.669 0 0.005
0.74 0.083 0 0.005
0.741 0.513 0 0.005
0.742 0.209 0 0.005
0.742 0.46 0 0.005
0.743 0.646 0 0.005
0.743 0.738 0 0.005
0.743 0.861 0 0.005
0.744 0.11 0 0.005
0.744 0.357 0 0.005
0.744 0.371 0 0.005
0.744 0.889 0 0.005
0.744 0.994 0 0.005
0.746 0.18 0 0.005
0.746 0.257 0 0.005
0.746 0.346 0 0.005
0.746 0.66 0 0.005
0.746 0.702 0 0.005
0.746 0.804 0 0.005
0.746 0.94 0 0.005
0.747 0.225 0 0.005
0.747 0.5 0 0.005
0.747 0.752 0 0.005
0.747 0.816 0 0.005
0.747 0.91 0 0.005
0.748 0.016 0 0.005
0.748 0.09 0 0.005
0.748 0.138 0 0.005
0.749 0.0033125 0 0.005
0.749 0.673 0 0.005
0.749 0.781 0 0.005
0.75 0.032 0 0.005
0.75 0.08 0 0.005
0.75 0.391 0 0.005
0.75 0.925 0 0.005
0.751 0.153 0 0.005
0.751 0.28 0 0.005
0.751 0.295 0 0.005
0.751 0.469 0 0.005
0.751 0.88 0 0.005
0.751 0.982 0 0.005
0.752 0.319 0 0.005
0.752 0.452 0 0.005
0.752 0.517 0 0.005
0.752 0.538 0 0.005
0.753 0.607 0 0.005
0.753 0.712 0 0.005
0.754 0.103 0 0.005
0.754 0.379 0 0.005
0.754 0.798 0 0.005
0.755 0.041 0 0.005
0.756 0.065 0 0.005
0.756 0.13 0 0.005
0.757 0.505 0 0.005
0.757 0.768 0 0.005
0.758 0.09 0 0.005
0.758 0.199 0 0.005
0.758 0.252 0 0.005
0.758 0.566 0 0.005
0.759 0.004 0 0.005
0.759 0.264 0 0.005
0.759 0.351 0 0.005
0.759 0.843 0 0.005
0.76 0.444 0 0.005
0.76 0.554 0 0.005
0.76 0.619 0 0.005
0.76 0.819 0 0.005
0.762 0.427 0 0.005
0.762 0.921 0 0.005
0.76 0.999 0 0.005
0.764 0.213 0 0.005
0.764 0.589 0 0.005
0.765 0.603 0 0.005
0.765 0.639 0 0.005
0.765 0.679 0 0.005
0.765 0.949 0 0.005
0.766 0.107 0 0.005
0.767 0.291 0 0.005
0.767 0.579 0 0.005
0.767 0.736 0 0.005
0.767 0.827 0 0.005
0.767 0.993 0 0.005
0.768 0.383 0 0.005
0.768 0.933 0 0.005
0.769 0.341 0 0.005
0.769 0.399 0 0.005
0.77 0.126 0 0.005
0.77 0.205 0 0.005
0.77 0.612 0 0.005
0.77 0.692 0 0.005
0.77 0.715 0 0.005
0.772 0.189 0 0.005
0.772 0.508 0 0.005
0.773 0.079 0 0.005
0.773 0.139 0 0.005
0.773 0.156 0 0.005
0.773 0.237 0 0.005
0.773 0.433 0 0.005
0.773 0.898 0 0.005
0.774 0.588 0 0.005
0.774 0.794 0 0.005
0.775 0.006 0 0.005
0.775 0.451 0 0.005
0.775 0.958 0 0.005
0.775 0.986 0 0.005
0.777 0.06 0 0.005
0.777 0.22 0 0.005
0.777 0.372 0 0.005
0.778 0.311 0 0.005
0.778 0.652 0 0.005
0.779 0.417 0 0.005
0.779 0.493 0 0.005
0.779 0.821 0 0.005
0.78 0.638 0 0.005
0.78 0.773 0 0.005
0.781 0.017 0 0.005
0.781 0.478 0 0.005
0.782 0.11 0 0.005
0.782 0.514 0 0.005
0.782 0.701 0 0.005
0.783 0.199 0 0.005
0.783 0.62 0 0.005
0.783 0.733 0 0.005
0.784 0.9981904761904762 0 0.005
0.785 0.171 0 0.005
0.785 0.458 0 0.005
0.785 0.566 0 0.005
0.785 0.945 0 0.005
0.786 0.051 0 0.005
0.786 0.28 0 0.005
0.786 0.391 0 0.005
0.786 0.595 0 0.005
0.787 0.143 0 0.005
0.787 0.36 0 0.005
0.787 0.553 0 0.005
0.787 0.719 0 0.005
0.787 0.92 0 0.005
0.789 0.153 0 0.005
0.789 0.425 0 0.005
0.789 0.801 0 0.005
0.789 0.815 0 0.005
0.79 0.605 0 0.005
0.79 0.695 0 0.005
0.791 0.307 0 0.005
0.791 0.845 0 0.005
0.792 0.022 0 0.005
0.792 0.581 0 0.005
0.792 0.825 0 0.005
0.793 0.377 0 0.005
0.794 0.782 0 0.005
0.794 0.97 0 0.005
0.795 0.08 0 0.005
0.795 0.228 0 0.005
0.795 0.903 0 0.005
0.795 0.938 0 0.005
0.796 0.353 0 0.005
0.797 0.129 0 0.005
0.797 0.686 0 0.005
0.798 0.742 0 0.005
0.798 0.858 0 0.005
0.798 0.951 0 0.005
0.799 0.158 0 0.005
0.799 0.474 0 0.005
0.799 0.795 0 0.005
0.8 0.193 0 0.005
0.8 0.213 0 0.005
0.8 0.432 0 0.005
0.8 0.445 0 0.005
0.8 0.66 0 0.005
0.801 0.295 0 0.005
0.801 0.523 0 0.005
0.801 0.631 0 0.005
0.801 0.647 0 0.005
0.802 0.417 0 0.005
0.802 0.499 0 0.005
0.802 0.62 0 0.005
0.802 0.87 0 0.005
0.803 0.064 0 0.005
0.801 0.999 0 0.005
0.804 0.004 0 0.005
0.804 0.051 0 0.005
0.804 0.724 0 0.005
0.805 0.232 0 0.005
0.805 0.25 0 0.005
0.805 0.283 0 0.005
0.805 0.754 0 0.005
0.805 0.989 0 0.005
0.806 0.106 0 0.005
0.806 0.329 0 0.005
0.806 0.539 0 0.005
0.806 0.88 0 0.005
0.806 0.917 0 0.005
0.807 0.568 0 0.005
0.807 0.85 0 0.005
0.807 0.904 0 0.005
0.808 0.03 0 0.005
0.808 0.368 0 0.005
0.809 0.095 0 0.005
0.81 0.165 0 0.005
0.81 0.387 0 0.005
0.81 0.589 0 0.005
0.811 0.015 0 0.005
0.811 0.118 0 0.005
0.811 0.689 0 0.005
0.811 0.827 0 0.005
0.812 0.262 0 0.005
0.812 0.293 0 0.005
0.812 0.63 0 0.005
0.812 0.869 0 0.005
0.813 0.194 0 0.005
0.813 0.213 0 0.005
0.814 0.183 0 0.005
0.814 0.424 0 0.005
0.814 0.532 0 0.005
0.814 0.546 0 0.005
0.814 0.795 0 0.005
0.815 0.599 0 0.005
0.813 0.999 0 0.005
0.814 0.0 0 0.005
0.816 0.234 0 0.005
0.816 0.465 0 0.005
0.816 0.932 0 0.005
0.816 0.975 0 0.005
0.817 0.358 0 0.005
0.818 0.088 0 0.005
0.818 0.328 0 0.005
0.818 0.514 0 0.005
0.819 0.849 0 0.005
0.82 0.1 0 0.005
0.821 0.905 0 0.005
0.822 0.223 0 0.005
0.822 0.61 0 0.005
0.822 0.676 0 0.005
0.824 0.114 0 0.005
0.824 0.533 0 0.005
0.824 0.702 0 0.005
0.825 0.065 0 0.005
0.825 0.079 0 0.005
0.825 0.139 0 0.005
0.825 0.688 0 0.005
0.826 0.183 0 0.005
0.827 0.048 0 0.005
0.827 0.378 0 0.005
0.827 0.967 0 0.005
0.828 0.196 0 0.005
0.828 0.454 0 0.005
0.828 0.49 0 0.005
0.829 0.657 0 0.005
0.83 0.156 0 0.005
0.83 0.246 0 0.005
0.83 0.888 0 0.005
0.831 0.337 0 0.005
0.831 0.934 0 0.005
0.831 0.98 0 0.005
0.832 0.321 0 0.005
0.832 0.867 0 0.005
0.832 0.91 0 0.005
0.833 0.26 0 0.005
0.833 0.805 0 0.005
0.834 0.207 0 0.005
0.835 0.023 0 0.005
0.835 0.303 0 0.005
0.835 0.405 0 0.005
0.836 0.06 0 0.005
0.836 0.109 0 0.005
0.836 0.586 0 0.005
0.836 0.609 0 0.005
0.837 0.0012666666666666666 0 0.005
0.837 0.077 0 0.005
0.837 0.129 0 0.005
0.837 0.755 0 0.005
0.838 0.599 0 0.005
0.838 0.622 0 0.005
0.839 0.198 0 0.005
0.839 0.897 0 0.005
0.84 0.159 0 0.005
0.84 0.327 0 0.005
0.84 0.567 0 0.005
0.84 0.784 0 0.005
0.841 0.145 0 0.005
0.841 0.234 0 0.005
0.841 0.415 0 0.005
0.841 0.451 0 0.005
0.841 0.635 0 0.005
0.841 0.708 0 0.005
0.841 0.855 0 0.005
0.842 0.441 0 0.005
0.842 0.665 0 0.005
0.843 0.398 0 0.005
0.843 0.72 0 0.005
0.843 0.771 0 0.005
0.844 0.043 0 0.005
0.844 0.34 0 0.005
0.844 0.508 0 0.005
0.844 0.807 0 0.005
0.844 0.996280701754386 0 0.005
0.846 0.025 0 0.005
0.846 0.368 0 0.005
0.846 0.646 0 0.005
0.847 0.115 0 0.005
0.847 0.379 0 0.005
0.847 0.699 0 0.005
0.85 0.749 0 0.005
0.85 0.845 0 0.005
0.85 0.865 0 0.005
0.852 0.497 0 0.005
0.852 0.562 0 0.005
0.852 0.586 0 0.005
0.853 0.428 0 0.005
0.853 0.482 0 0.005
0.853 0.544 0 0.005
0.853 0.608 0 0.005
0.853 0.682 0 0.005
0.853 0.928 0 0.005
0.853 0.958 0 0.005
0.854 0.339 0 0.005
0.854 0.396 0 0.005
0.854 0.784 0 0.005
0.855 0.977 0 0.005
0.856 0.1 0 0.005
0.856 0.183 0 0.005
0.856 0.323 0 0.005
0.856 0.821 0 0.005
0.856 0.896 0 0.005
0.857 0.0033125 0 0.005
0.857 0.133 0 0.005
0.857 0.168 0 0.005
0.857 0.199 0 0.005
0.857 0.218 0 0.005
0.857 0.27 0 0.005
0.858 0.442 0 0.005
0.858 0.707 0 0.005
0.858 0.728 0 0.005
0.861 0.571 0 0.005
0.861 0.757 0 0.005
0.862 0.592 0 0.005
0.862 0.63 0 0.005
0.863 0.112 0 0.005
0.863 0.259 0 0.005
0.863 0.314 0 0.005
0.863 0.498 0 0.005
0.863 0.934 0 0.005
0.864 0.091 0 0.005
0.865 0.963 0 0.005
0.865 0.989 0 0.005
0.866 0.285 0 0.005
0.866 0.619 0 0.005
0.866 0.649 0 0.005
0.866 0.7 0 0.005
0.866 0.974 0 0.005
0.867 0.243 0 0.005
0.868 0.58 0 0.005
0.868 0.731 0 0.005
0.869 0.508 0 0.005
0.87 0.556 0 0.005
0.871 0.423 0 0.005
0.871 0.543 0 0.005
0.872 0.046 0 0.005
0.872 0.355 0 0.005
0.872 0.8 0 0.005
0.873 0.118 0 0.005
0.873 0.168 0 0.005
0.873 0.345 0 0.005
0.873 0.374 0 0.005
0.873 0.387 0 0.005
0.873 0.412 0 0.005
0.873 0.452 0 0.005
0.873 0.681 0 0.005
0.874 0.197 0 0.005
0.874 0.789 0 0.005
0.874 0.98 0 0.005
0.875 0.818 0 0.005
0.875 0.848 0 0.005
0.876 0.015 0 0.005
0.876 0.143 0 0.005
0.876 0.217 0 0.005
0.876 0.238 0 0.005
0.877 0.084 0 0.005
0.877 0.1 0 0.005
0.877 0.399 0 0.005
0.877 0.778 0 0.005
0.877 0.956 0 0.005
0.878 0.492 0 0.005
0.878 0.519 0 0.005
0.878 0.566 0 0.005
0.878 0.613 0 0.005
0.879 0.294 0 0.005
0.879 0.672 0 0.005
0.88 0.319 0 0.005
0.881 0.25 0 0.005
0.881 0.273 0 0.005
0.881 0.833 0 0.005
0.883 0.741 0 0.005
0.884 0.056 0 0.005
0.884 0.109 0 0.005
0.884 0.171 0 0.005
0.884 0.481 0 0.005
0.884 0.786 0 0.005
0.884 0.868 0 0.005
0.884 0.887 0 0.005
0.885 0.0008095238095238096 0 0.005
0.885 0.361 0 0.005
0.885 0.903 0 0.005
0.886 0.182 0 0.005
0.887 0.851 0 0.005
0.887 0.963 0 0.005
0.888 0.229 0 0.005
0.888 0.389 0 0.005
0.889 0.41 0 0.005
0.889 0.588 0 0.005
0.889 0.722 0 0.005
0.889 0.936 0 0.005
0.89 0.564 0 0.005
0.891 0.014 0 0.005
0.891 0.136 0 0.005
0.892 0.16 0 0.005
0.892 0.917 0 0.005
0.893 0.269 0 0.005
0.893 0.284 0 0.005
0.893 0.646 0 0.005
0.893 0.974 0 0.005
0.892 0.999 0 0.005
0.895 0.988 0 0.005
0.896 0.023 0 0.005
0.896 0.46 0 0.005
0.896 0.499 0 0.005
0.896 0.534 0 0.005
0.896 0.6 0 0.005
0.896 0.618 0 0.005
0.896 0.785 0 0.005
0.897 0.073 0 0.005
0.897 0.182 0 0.005
0.897 0.382 0 0.005
0.897 0.754 0 0.005
0.898 0.116 0 0.005
0.898 0.217 0 0.005
0.898 0.232 0 0.005
0.898 0.371 0 0.005
0.899 0.827 0 0.005
0.9 0.409 0 0.005
0.9 0.63 0 0.005
0.9 0.707 0 0.005
0.9 0.797 0 0.005
0.9 0.851 0 0.005
0.901 0.427 0 0.005
0.902 0.676 0 0.005
0.903 0.005 0 0.005
0.904 0.322 0 0.005
0.904 0.557 0 0.005
0.904 0.947 0 0.005
0.905 0.166 0 0.005
0.905 0.651 0 0.005
0.905 0.746 0 0.005
0.905 0.839 0 0.005
0.905 0.992 0 0.005
0.906 0.245 0 0.005
0.906 0.275 0 0.005
0.906 0.489 0 0.005
0.907 0.179 0 0.005
0.907 0.306 0 0.005
0.908 0.095 0 0.005
0.908 0.126 0 0.005
0.908 0.209 0 0.005
0.908 0.462 0 0.005
0.909 0.931 0 0.005
0.91 0.073 0 0.005
0.91 0.507 0 0.005
0.91 0.582 0 0.005
0.91 0.785 0 0.005
0.911 0.149 0 0.005
0.911 0.224 0 0.005
0.911 0.448 0 0.005
0.911 0.767 0 0.005
0.912 0.039 0 0.005
0.912 0.344 0 0.005
0.912 0.418 0 0.005
0.912 0.55 0 0.005
0.913 0.394 0 0.005
0.913 0.521 0 0.005
0.913 0.666 0 0.005
0.914 0.085 0 0.005
0.915 0.472 0 0.005
0.915 0.531 0 0.005
0.915 0.623 0 0.005
0.916 0.05 0 0.005
0.916 0.3 0 0.005
0.916 0.378 0 0.005
0.917 0.065 0 0.005
0.917 0.258 0 0.005
0.917 0.981 0 0.005
0.918 0.216 0 0.005
0.918 0.248 0 0.005
0.919 0.937 0 0.005
0.92 0.79 0 0.005
0.92 0.833 0 0.005
0.92 0.862 0 0.005
0.921 0.0012666666666666666 0 0.005
0.921 0.411 0 0.005
0.921 0.435 0 0.005
0.921 0.585 0 0.005
0.921 0.723 0 0.005
0.921 0.74 0 0.005
0.922 0.113 0 0.005
0.922 0.146 0 0.005
0.922 0.566 0 0.005
0.923 0.075 0 0.005
0.923 0.347 0 0.005
0.924 0.198 0 0.005
0.924 0.992 0 0.005
0.925 0.294 0 0.005
0.925 0.508 0 0.005
0.925 0.634 0 0.005
0.926 0.497 0 0.005
0.926 0.675 0 0.005
0.927 0.134 0 0.005
0.927 0.279 0 0.005
0.927 0.452 0 0.005
0.927 0.659 0 0.005
0.927 0.703 0 0.005
0.927 0.814 0 0.005
0.929 0.386 0 0.005
0.929 0.908 0 0.005
0.93 0.304 0 0.005
0.93 0.62 0 0.005
0.93 0.84 0 0.005
0.931 0.055 0 0.005
0.931 0.332 0 0.005
0.931 0.357 0 0.005
0.931 0.539 0 0.005
0.931 0.749 0 0.005
0.931 0.763 0 0.005
0.931 0.876 0 0.005
0.931 0.971 0 0.005
0.93 0.999 0 0.005
0.933 0.025 0 0.005
0.933 0.037 0 0.005
0.933 0.158 0 0.005
0.933 0.268 0 0.005
0.933 0.785 0 0.005
0.934 0.734 0 0.005
0.934 0.923 0 0.005
0.935 0.199 0 0.005
0.936 0.476 0 0.005
0.937 0.092 0 0.005
0.937 0.372 0 0.005
0.937 0.575 0 0.005
0.938 0.188 0 0.005
0.938 0.25 0 0.005
0.938 0.29 0 0.005
0.938 0.805 0 0.005
0.937 0.0 0 0.005
0.939 0.066 0 0.005
0.939 0.511 0 0.005
0.939 0.655 0 0.005
0.939 0.939 0 0.005
0.94 0.624 0 0.005
0.94 0.843 0 0.005
0.94 0.89 0 0.005
0.941 0.21 0 0.005
0.941 0.429 0 0.005
0.941 0.77 0 0.005
0.941 0.913 0 0.005
0.943 0.107 0 0.005
0.943 0.69 0 0.005
0.944 0.075 0 0.005
0.942 0.999 0 0.005
0.945 0.044 0 0.005
0.945 0.328 0 0.005
0.945 0.489 0 0.005
0.945 0.52 0 0.005
0.945 0.613 0 0.005
0.945 0.855 0 0.005
0.946 0.591 0 0.005
0.947 0.059 0 0.005
0.947 0.263 0 0.005
0.947 0.792 0 0.005
0.947 0.933 0 0.005
0.947 0.987 0 0.005
0.948 0.826 0 0.005
0.949 0.03 0 0.005
0.949 0.287 0 0.005
0.949 0.463 0 0.005
0.949 0.674 0 0.005
0.95 0.17 0 0.005
0.95 0.647 0 0.005
0.95 0.808 0 0.005
0.95 0.949 0 0.005
0.951 0.084 0 0.005
0.951 0.352 0 0.005
0.951 0.382 0 0.005
0.951 0.92 0 0.005
0.953 0.444 0 0.005
0.955 0.007 0 0.005
0.955 0.144 0 0.005
0.955 0.553 0 0.005
0.955 0.63 0 0.005
0.955 0.682 0 0.005
0.955 0.727 0 0.005
0.955 0.873 0 0.005
0.956 0.159 0 0.005
0.956 0.234 0 0.005
0.956 0.295 0 0.005
0.956 0.311 0 0.005
0.957 0.224 0 0.005
0.957 0.399 0 0.005
0.957 0.567 0 0.005
0.957 0.618 0 0.005
0.957 0.743 0 0.005
0.957 0.9 0 0.005
0.958 0.204 0 0.005
0.958 0.853 0 0.005
0.959 0.477 0 0.005
0.959 0.761 0 0.005
0.96 0.061 0 0.005
0.96 0.247 0 0.005
0.96 0.496 0 0.005
0.961 0.836 0 0.005
0.962 0.037 0 0.005
0.962 0.699 0 0.005
0.962 0.951 0 0.005
0.964 0.071 0 0.005
0.964 0.58 0 0.005
0.964 0.67 0 0.005
0.964 0.886 0 0.005
0.964 0.909 0 0.005
0.965 0.465 0 0.005
0.965 0.988 0 0.005
0.966 0.238 0 0.005
0.966 0.535 0 0.005
0.966 0.551 0 0.005
0.966 0.682 0 0.005
0.966 0.714 0 0.005
0.966 0.735 0 0.005
0.967 0.12 0 0.005
0.967 0.134 0 0.005
0.967 0.256 0 0.005
0.967 0.864 0 0.005
0.968 0.172 0 0.005
0.968 0.304 0 0.005
0.968 0.367 0 0.005
0.968 0.418 0 0.005
0.969 0.005 0 0.005
0.969 0.377 0 0.005
0.97 0.018 0 0.005
0.97 0.057 0 0.005
0.97 0.195 0 0.005
0.97 0.208 0 0.005
0.97 0.282 0 0.005
0.97 0.6 0 0.005
0.97 0.633 0 0.005
0.971 0.16 0 0.005
0.971 0.622 0 0.005
0.971 0.819 0 0.005
0.972 0.433 0 0.005
0.972 0.447 0 0.005
0.972 0.61 0 0.005
0.974 0.111 0 0.005
0.974 0.399 0 0.005
0.974 0.588 0 0.005
0.974 0.759 0 0.005
0.974 0.956 0 0.005
0.975 0.489 0 0.005
0.975 0.786 0 0.005
0.975 0.897 0 0.005
0.978 0.254 0 0.005
0.978 0.799 0 0.005
0.978 0.9972564102564103 0 0.005
0.979 0.027 0 0.005
0.979 0.082 0 0.005
0.979 0.748 0 0.005
0.98 0.284 0 0.005
0.981 0.235 0 0.005
0.981 0.516 0 0.005
0.982 0.0008095238095238096 0 0.005
0.982 0.039 0 0.005
0.982 0.161 0 0.005
0.982 0.342 0 0.005
0.982 0.39 0 0.005
0.982 0.963 0 0.005
0.983 0.477 0 0.005
0.984 0.071 0 0.005
0.984 0.357 0 0.005
0.984 0.542 0 0.005
0.984 0.884 0 0.005
0.985 0.179 0 0.005
0.985 0.624 0 0.005
0.985 0.952 0 0.005
0.986 0.147 0 0.005
0.986 0.302 0 0.005
0.986 0.734 0 0.005
0.986 0.77 0 0.005
0.986 0.906 0 0.005
0.987 0.567 0 0.005
0.988 0.102 0 0.005
0.989 0.507 0 0.005
0.989 0.652 0 0.005
0.99 0.226 0 0.005
0.99 0.287 0 0.005
0.991 0.243 0 0.005
0.991 0.257 0 0.005
0.991 0.366 0 0.005
0.991 0.458 0 0.005
0.991 0.642 0 0.005
0.991 0.852 0 0.005
0.992 0.192 0 0.005
0.992 0.874 0 0.005
0.993 0.114 0 0.005
0.993 0.479 0 0.005
0.993 0.596 0 0.005
0.993 0.941 0 0.005
0.994 0.029 0 0.005
0.994 0.379 0 0.005
0.994 0.714 0 0.005
0.9956875 0.499 0 0.005
0.996280701754386 0.627 0 0.005
0.996280701754386 0.806 0 0.005
0.9967708333333334 0.044 0 0.005
0.9967708333333334 0.895 0 0.005
0.9967708333333334 0.915 0 0.005
0.9967708333333334 0.932 0 0.005
0.9972564102564103 0.055 0 0.005
0.9972564102564103 0.974 0 0.005
0.9977333333333334 0.091 0 0.005
0.9977333333333334 0.697 0 0.005
0.9977333333333334 0.831 0 0.005
0.9981904761904762 0.167 0 0.005
0.9981904761904762 0.283 0 0.005
0.9981904761904762 0.342 0 0.005
0.9981904761904762 0.368 0 0.005
0.9981904761904762 0.604 0 0.005
0.9981904761904762 0.743 0 0.005
0.999 0.259 0 0.005
0.999 0.478 0 0.005
