0.0012666666666666666 0.005 0 0.005
0.002719298245614035 0.017 0 0.005
0.002719298245614035 0.06 0 0.005
0.002719298245614035 0.106 0 0.005
0.0022291666666666666 0.155 0 0.005
0.0017435897435897436 0.196 0 0.005
0.0012666666666666666 0.278 0 0.005
0.0033125 0.319 0 0.005
0.004 0.372 0 0.005
0.0004166666666666667 0.387 0 0.005
0.0008095238095238096 0.398 0 0.005
0.002719298245614035 0.432 0 0.005
0.004 0.457 0 0.005
0.0 0.484 0 0.005
0.0012666666666666666 0.502 0 0.005
0.0012666666666666666 0.609 0 0.005
0.002719298245614035 0.678 0 0.005
0.0012666666666666666 0.719 0 0.005
0.0 0.748 0 0.005
0.0012666666666666666 0.765 0 0.005
0.0 0.777 0 0.005
0.0004166666666666667 0.866 0 0.005
0.0017435897435897436 0.965 0 0.005
0.002719298245614035 0.985 0 0.005
0.004 0.9981904761904762 0 0.005
0.005 0.145 0 0.005
0.005 0.182 0 0.005
0.005 0.493 0 0.005
0.005 0.754 0 0.005
0.005 0.946 0 0.005
0.006 0.037 0 0.005
0.006 0.853 0 0.005
0.006 0.932 0 0.005
0.007 0.047 0 0.005
0.007 0.171 0 0.005
0.008 0.127 0 0.005
0.008 0.527 0 0.005
0.008 0.541 0 0.005
0.008 0.82 0 0.005
0.008 0.921 0 0.005
0.009 0.258 0 0.005
0.009 0.723 0 0.005
0.01 0.229 0 0.005
0.01 0.837 0 0.005
0.011 0.449 0 0.005
0.011 0.507 0 0.005
0.011 0.905 0 0.005
0.012 0.304 0 0.005
0.012 0.401 0 0.005
0.012 0.777 0 0.005
0.013 0.332 0 0.005
0.014 0.273 0 0.005
0.015 0.369 0 0.005
0.015 0.434 0 0.005
0.015 0.627 0 0.005
0.016 0.517 0 0.005
0.017 0.026 0 0.005
0.017 0.641 0 0.005
0.018 0.131 0 0.005
0.018 0.214 0 0.005
0.018 0.527 0 0.005
0.018 0.54 0 0.005
0.019 0.077 0 0.005
0.019 0.178 0 0.005
0.019 0.457 0 0.005
0.019 0.48 0 0.005
0.019 0.557 0 0.005
0.019 0.653 0 0.005
0.019 0.898 0 0.005
0.02 0.957 0 0.005
0.021 0.051 0 0.005
0.021 0.507 0 0.005
0.023 0.109 0 0.005
0.023 0.283 0 0.005
0.024 0.119 0 0.005
0.024 0.152 0 0.005
0.024 0.228 0 0.005
0.024 0.386 0 0.005
0.025 0.614 0 0.005
0.026 0.208 0 0.005
0.026 0.36 0 0.005
0.026 0.397 0 0.005
0.026 0.661 0 0.005
0.027 0.716 0 0.005
0.027 0.818 0 0.005
0.027 0.971 0 0.005
0.028 0.59 0 0.005
0.028 0.603 0 0.005
0.028 0.805 0 0.005
0.028 0.867 0 0.005
0.029 0.432 0 0.005
0.029 0.469 0 0.005
0.029 0.785 0 0.005
0.03 0.91 0 0.005
0.03 0.996280701754386 0 0.005
0.031 0.17 0 0.005
0.032 0.061 0 0.005
0.032 0.938 0 0.005
0.033 0.044 0 0.005
0.033 0.487 0 0.005
0.034 0.921 0 0.005
0.035 0.296 0 0.005
0.035 0.321 0 0.005
0.035 0.519 0 0.005
0.035 0.647 0 0.005
0.035 0.846 0 0.005
0.035 0.89 0 0.005
0.036 0.206 0 0.005
0.036 0.286 0 0.005
0.036 0.66 0 0.005
0.037 0.119 0 0.005
0.037 0.379 0 0.005
0.037 0.774 0 0.005
0.038 0.012 0 0.005
0.038 0.097 0 0.005
0.038 0.447 0 0.005
0.039 0.23 0 0.005
0.039 0.459 0 0.005
0.039 0.565 0 0.005
0.04 0.076 0 0.005
0.04 0.129 0 0.005
0.04 0.339 0 0.005
0.041 0.311 0 0.005
0.041 0.805 0 0.005
0.042 0.172 0 0.005
0.042 0.253 0 0.005
0.042 0.682 0 0.005
0.042 0.827 0 0.005
0.043 0.504 0 0.005
0.043 0.707 0 0.005
0.043 0.952 0 0.005
0.043 0.994 0 0.005
0.044 0.494 0 0.005
0.046 0.206 0 0.005
0.046 0.219 0 0.005
0.046 0.365 0 0.005
0.047 0.418 0 0.005
0.047 0.478 0 0.005
0.048 0.571 0 0.005
0.048 0.973 0 0.005
0.049 0.04 0 0.005
0.049 0.693 0 0.005
0.049 0.728 0 0.005
0.05 0.161 0 0.005
0.05 0.334 0 0.005
0.05 0.665 0 0.005
0.051 0.445 0 0.005
0.051 0.676 0 0.005
0.051 0.846 0 0.005
0.051 0.864 0 0.005
0.052 0.101 0 0.005
0.052 0.286 0 0.005
0.052 0.522 0 0.005
0.052 0.899 0 0.005
0.052 0.946 0 0.005
0.053 0.06 0 0.005
0.053 0.508 0 0.005
0.053 0.545 0 0.005
0.054 0.428 0 0.005
0.054 0.62 0 0.005
0.054 0.637 0 0.005
0.054 0.739 0 0.005
0.055 0.177 0 0.005
0.056 0.392 0 0.005
0.056 0.771 0 0.005
0.057 0.153 0 0.005
0.057 0.195 0 0.005
0.057 0.245 0 0.005
0.058 0.571 0 0.005
0.058 0.591 0 0.005
0.059 0.167 0 0.005
0.06 0.122 0 0.005
0.06 0.279 0 0.005
0.06 0.808 0 0.005
0.061 0.026 0 0.005
0.061 0.306 0 0.005
0.061 0.985 0 0.005
0.062 0.384 0 0.005
0.063 0.057 0 0.005
0.063 0.186 0 0.005
0.063 0.506 0 0.005
0.063 0.555 0 0.005
0.063 0.754 0 0.005
0.064 0.524 0 0.005
0.064 0.609 0 0.005
0.064 0.706 0 0.005
0.064 0.892 0 0.005
0.064 0.972 0 0.005
0.065 0.213 0 0.005
0.065 0.237 0 0.005
0.065 0.254 0 0.005
0.065 0.471 0 0.005
0.066 0.578 0 0.005
0.066 0.84 0 0.005
0.067 0.075 0 0.005
0.067 0.15 0 0.005
0.067 0.339 0 0.005
0.067 0.819 0 0.005
0.067 0.907 0 0.005
0.068 0.291 0 0.005
0.068 0.36 0 0.005
0.068 0.674 0 0.005
0.068 0.686 0 0.005
0.07 0.0017435897435897436 0 0.005
0.07 0.657 0 0.005
0.07 0.862 0 0.005
0.07 0.962 0 0.005
0.071 0.401 0 0.005
0.071 0.537 0 0.005
0.072 0.279 0 0.005
0.072 0.455 0 0.005
0.072 0.644 0 0.005
0.072 0.729 0 0.005
0.072 0.777 0 0.005
0.074 0.083 0 0.005
0.074 0.439 0 0.005
0.074 0.509 0 0.005
0.075 0.388 0 0.005
0.075 0.482 0 0.005
0.076 0.546 0 0.005
0.076 0.753 0 0.005
0.076 0.888 0 0.005
0.077 0.297 0 0.005
0.077 0.35 0 0.005
0.078 0.817 0 0.005
0.078 0.839 0 0.005
0.079 0.024 0 0.005
0.079 0.182 0 0.005
0.079 0.228 0 0.005
0.079 0.932 0 0.005
0.08 0.168 0 0.005
0.081 0.051 0 0.005
0.081 0.107 0 0.005
0.081 0.143 0 0.005
0.081 0.372 0 0.005
0.081 0.772 0 0.005
0.082 0.922 0 0.005
0.084 0.661 0 0.005
0.084 0.989 0 0.005
0.085 0.075 0 0.005
0.085 0.387 0 0.005
0.085 0.495 0 0.005
0.085 0.521 0 0.005
0.085 0.566 0 0.005
0.085 0.759 0 0.005
0.086 0.219 0 0.005
0.086 0.706 0 0.005
0.086 0.731 0 0.005
0.086 0.743 0 0.005
0.087 0.355 0 0.005
0.087 0.401 0 0.005
0.087 0.541 0 0.005
0.088 0.507 0 0.005
0.088 0.65 0 0.005
0.089 0.261 0 0.005
0.089 0.898 0 0.005
0.09 0.024 0 0.005
0.09 0.72 0 0.005
0.091 0.057 0 0.005
0.091 0.437 0 0.005
0.091 0.575 0 0.005
0.091 0.627 0 0.005
0.092 0.345 0 0.005
0.092 0.593 0 0.005
0.092 0.767 0 0.005
0.093 0.042 0 0.005
0.093 0.293 0 0.005
0.093 0.637 0 0.005
0.093 0.824 0 0.005
0.093 0.856 0 0.005
0.093 0.956 0 0.005
0.095 0.103 0 0.005
0.095 0.124 0 0.005
0.095 0.394 0 0.005
0.095 0.911 0 0.005
0.096 0.242 0 0.005
0.096 0.312 0 0.005
0.096 0.878 0 0.005
0.096 0.921 0 0.005
0.097 0.226 0 0.005
0.097 0.517 0 0.005
0.097 0.977 0 0.005
0.098 0.405 0 0.005
0.099 0.03 0 0.005
0.1 0.115 0 0.005
0.1 0.454 0 0.005
0.1 0.479 0 0.005
0.101 0.192 0 0.005
0.101 0.724 0 0.005
0.101 0.74 0 0.005
0.102 0.301 0 0.005
0.102 0.767 0 0.005
0.103 0.671 0 0.005
0.103 0.848 0 0.005
0.103 0.9956875 0 0.005
0.104 0.266 0 0.005
0.104 0.636 0 0.005
0.105 0.608 0 0.005
0.106 0.019 0 0.005
0.106 0.219 0 0.005
0.106 0.332 0 0.005
0.106 0.376 0 0.005
0.106 0.387 0 0.005
0.106 0.558 0 0.005
0.106 0.657 0 0.005
0.106 0.799 0 0.005
0.108 0.184 0 0.005
0.108 0.292 0 0.005
0.109 0.173 0 0.005
0.109 0.752 0 0.005
0.109 0.937 0 0.005
0.109 0.963 0 0.005
0.11 0.861 0 0.005
0.11 0.91 0 0.005
0.111 0.229 0 0.005
0.111 0.49 0 0.005
0.111 0.6 0 0.005
0.111 0.952 0 0.005
0.11 0.0 0 0.005
0.112 0.208 0 0.005
0.112 0.458 0 0.005
0.112 0.733 0 0.005
0.112 0.815 0 0.005
0.113 0.039 0 0.005
0.113 0.881 0 0.005
0.114 0.195 0 0.005
0.114 0.249 0 0.005
0.114 0.478 0 0.005
0.114 0.533 0 0.005
0.114 0.643 0 0.005
0.115 0.142 0 0.005
0.116 0.014 0 0.005
0.116 0.162 0 0.005
0.116 0.372 0 0.005
0.116 0.405 0 0.005
0.118 0.799 0 0.005
0.119 0.27 0 0.005
0.119 0.359 0 0.005
0.119 0.547 0 0.005
0.119 0.751 0 0.005
0.119 0.823 0 0.005
0.12 0.417 0 0.005
0.12 0.633 0 0.005
0.12 0.861 0 0.005
0.12 0.871 0 0.005
0.121 0.023 0 0.005
0.121 0.096 0 0.005
0.121 0.3 0 0.005
0.121 0.498 0 0.005
0.122 0.069 0 0.005
0.122 0.656 0 0.005
0.122 0.765 0 0.005
0.122 0.982 0 0.005
0.123 0.254 0 0.005
0.123 0.676 0 0.005
0.123 0.847 0 0.005
0.124 0.035 0 0.005
0.124 0.916 0 0.005
0.125 0.237 0 0.005
0.126 0.646 0 0.005
0.127 0.168 0 0.005
0.127 0.19 0 0.005
0.127 0.529 0 0.005
0.127 0.996280701754386 0 0.005
0.128 0.928 0 0.005
0.128 0.948 0 0.005
0.128 0.964 0 0.005
0.129 0.471 0 0.005
0.129 0.598 0 0.005
0.13 0.11 0 0.005
0.13 0.276 0 0.005
0.13 0.286 0 0.005
0.13 0.565 0 0.005
0.13 0.79 0 0.005
0.131 0.499 0 0.005
0.131 0.739 0 0.005
0.132 0.098 0 0.005
0.132 0.148 0 0.005
0.132 0.418 0 0.005
0.132 0.44 0 0.005
0.132 0.8 0 0.005
0.132 0.87 0 0.005
0.132 0.988 0 0.005
0.133 0.256 0 0.005
0.133 0.312 0 0.005
0.133 0.395 0 0.005
0.133 0.632 0 0.005
0.134 0.576 0 0.005
0.134 0.82 0 0.005
0.135 0.079 0 0.005
0.135 0.552 0 0.005
0.135 0.76 0 0.005
0.135 0.81 0 0.005
0.135 0.841 0 0.005
0.136 0.009 0 0.005
0.136 0.233 0 0.005
0.136 0.65 0 0.005
0.137 0.139 0 0.005
0.137 0.385 0 0.005
0.137 0.852 0 0.005
0.138 0.196 0 0.005
0.138 0.95 0 0.005
0.139 0.119 0 0.005
0.139 0.301 0 0.005
0.139 0.609 0 0.005
0.14 0.325 0 0.005
0.14 0.336 0 0.005
0.14 0.751 0 0.005
0.14 0.777 0 0.005
0.14 0.79 0 0.005
0.141 0.484 0 0.005
0.141 0.564 0 0.005
0.141 0.62 0 0.005
0.142 0.243 0 0.005
0.142 0.266 0 0.005
0.142 0.277 0 0.005
0.142 0.426 0 0.005
0.142 0.497 0 0.005
0.142 0.926 0 0.005
0.144 0.049 0 0.005
0.144 0.315 0 0.005
0.144 0.399 0 0.005
0.144 0.532 0 0.005
0.144 0.816 0 0.005
0.145 0.155 0 0.005
0.145 0.635 0 0.005
0.145 0.726 0 0.005
0.145 0.872 0 0.005
0.145 0.963 0 0.005
0.146 0.907 0 0.005
0.147 0.472 0 0.005
0.147 0.594 0 0.005
0.147 0.836 0 0.005
0.148 0.034 0 0.005
0.148 0.126 0 0.005
0.148 0.176 0 0.005
0.148 0.582 0 0.005
0.148 0.645 0 0.005
0.149 0.369 0 0.005
0.149 0.518 0 0.005
0.15 0.69 0 0.005
0.151 0.433 0 0.005
0.151 0.918 0 0.005
0.152 0.069 0 0.005
0.152 0.894 0 0.005
0.152 0.944 0 0.005
0.153 0.087 0 0.005
0.153 0.25 0 0.005
0.153 0.393 0 0.005
0.153 0.718 0 0.005
0.154 0.193 0 0.005
0.154 0.544 0 0.005
0.154 0.846 0 0.005
0.155 0.355 0 0.005
0.155 0.825 0 0.005
0.156 0.182 0 0.005
0.156 0.666 0 0.005
0.156 0.739 0 0.005
0.156 0.78 0 0.005
0.156 0.863 0 0.005
0.156 0.883 0 0.005
0.156 0.981 0 0.005
0.157 0.168 0 0.005
0.157 0.376 0 0.005
0.157 0.728 0 0.005
0.157 0.754 0 0.005
0.158 0.14 0 0.005
0.158 0.808 0 0.005
0.16 0.31 0 0.005
0.161 0.06 0 0.005
0.161 0.606 0 0.005
0.162 0.0017435897435897436 0 0.005
0.162 0.427 0 0.005
0.162 0.913 0 0.005
0.162 0.938 0 0.005
0.162 0.9981904761904762 0 0.005
0.163 0.558 0 0.005
0.164 0.05 0 0.005
0.164 0.323 0 0.005
0.164 0.337 0 0.005
0.164 0.415 0 0.005
0.166 0.157 0 0.005
0.166 0.282 0 0.005
0.166 0.823 0 0.005
0.167 0.358 0 0.005
0.167 0.465 0 0.005
0.167 0.746 0 0.005
0.167 0.855 0 0.005
0.167 0.951 0 0.005
0.168 0.198 0 0.005
0.168 0.926 0 0.005
0.169 0.009 0 0.005
0.169 0.141 0 0.005
0.169 0.239 0 0.005
0.169 0.482 0 0.005
0.169 0.621 0 0.005
0.169 0.845 0 0.005
0.169 0.973 0 0.005
0.17 0.081 0 0.005
0.17 0.878 0 0.005
0.171 0.029 0 0.005
0.171 0.724 0 0.005
0.171 0.983 0 0.005
0.172 0.737 0 0.005
0.173 0.102 0 0.005
0.173 0.561 0 0.005
0.173 0.581 0 0.005
0.174 0.651 0 0.005
0.174 0.912 0 0.005
0.175 0.047 0 0.005
0.175 0.385 0 0.005
0.175 0.53 0 0.005
0.175 0.68 0 0.005
0.175 0.773 0 0.005
0.176 0.267 0 0.005
0.176 0.438 0 0.005
0.176 0.802 0 0.005
0.177 0.51 0 0.005
0.178 0.302 0 0.005
0.178 0.403 0 0.005
0.178 0.476 0 0.005
0.178 0.82 0 0.005
0.179 0.129 0 0.005
0.179 0.553 0 0.005
0.18 0.9981904761904762 0 0.005
0.181 0.007 0 0.005
0.181 0.899 0 0.005
0.182 0.341 0 0.005
0.182 0.868 0 0.005
0.183 0.615 0 0.005
0.184 0.117 0 0.005
0.184 0.366 0 0.005
0.184 0.568 0 0.005
0.184 0.647 0 0.005
0.184 0.724 0 0.005
0.184 0.961 0 0.005
0.185 0.043 0 0.005
0.185 0.328 0 0.005
0.185 0.444 0 0.005
0.186 0.159 0 0.005
0.186 0.289 0 0.005
0.186 0.312 0 0.005
0.186 0.584 0 0.005
0.186 0.637 0 0.005
0.187 0.693 0 0.005
0.187 0.746 0 0.005
0.188 0.595 0 0.005
0.188 0.764 0 0.005
0.188 0.82 0 0.005
0.188 0.974 0 0.005
0.189 0.177 0 0.005
0.189 0.382 0 0.005
0.189 0.715 0 0.005
0.189 0.92 0 0.005
0.189 0.991 0 0.005
0.19 0.141 0 0.005
0.19 0.21 0 0.005
0.191 0.067 0 0.005
0.191 0.237 0 0.005
0.191 0.509 0 0.005
0.192 0.54 0 0.005
0.192 0.844 0 0.005
0.193 0.356 0 0.005
0.193 0.453 0 0.005
0.193 0.736 0 0.005
0.193 0.78 0 0.005
0.194 0.187 0 0.005
0.194 0.522 0 0.005
0.195 0.131 0 0.005
0.195 0.955 0 0.005
0.196 0.469 0 0.005
0.196 0.623 0 0.005
0.196 0.758 0 0.005
0.197 0.219 0 0.005
0.198 0.078 0 0.005
0.198 0.203 0 0.005
0.198 0.33 0 0.005
0.199 0.041 0 0.005
0.199 0.642 0 0.005
0.199 0.98 0 0.005
0.2 0.0022291666666666666 0 0.005
0.2 0.348 0 0.005
0.2 0.561 0 0.005
0.2 0.676 0 0.005
0.2 0.852 0 0.005
0.201 0.027 0 0.005
0.201 0.278 0 0.005
0.201 0.425 0 0.005
0.201 0.606 0 0.005
0.201 0.69 0 0.005
0.202 0.489 0 0.005
0.202 0.715 0 0.005
0.202 0.745 0 0.005
0.202 0.903 0 0.005
0.202 0.942 0 0.005
0.202 0.996280701754386 0 0.005
0.203 0.507 0 0.005
0.204 0.294 0 0.005
0.204 0.881 0 0.005
0.204 0.929 0 0.005
0.205 0.391 0 0.005
0.205 0.825 0 0.005
0.206 0.571 0 0.005
0.206 0.806 0 0.005
0.206 0.913 0 0.005
0.207 0.451 0 0.005
0.207 0.479 0 0.005
0.207 0.969 0 0.005
0.208 0.662 0 0.005
0.209 0.465 0 0.005
0.209 0.534 0 0.005
0.21 0.0022291666666666666 0 0.005
0.21 0.059 0 0.005
0.21 0.225 0 0.005
0.211 0.114 0 0.005
0.212 0.043 0 0.005
0.212 0.126 0 0.005
0.212 0.176 0 0.005
0.212 0.413 0 0.005
0.212 0.61 0 0.005
0.212 0.679 0 0.005
0.212 0.789 0 0.005
0.213 0.277 0 0.005
0.213 0.555 0 0.005
0.213 0.869 0 0.005
0.213 0.887 0 0.005
0.214 0.338 0 0.005
0.214 0.374 0 0.005
0.214 0.762 0 0.005
0.215 0.266 0 0.005
0.216 0.318 0 0.005
0.216 0.644 0 0.005
0.216 0.772 0 0.005
0.217 0.499 0 0.005
0.217 0.7 0 0.005
0.217 0.96 0 0.005
0.218 0.237 0 0.005
0.218 0.483 0 0.005
0.218 0.744 0 0.005
0.218 0.86 0 0.005
0.219 0.452 0 0.005
0.22 0.072 0 0.005
0.22 0.149 0 0.005
0.22 0.796 0 0.005
0.22 0.99 0 0.005
0.221 0.054 0 0.005
0.221 0.389 0 0.005
0.221 0.71 0 0.005
0.222 0.039 0 0.005
0.222 0.254 0 0.005
0.222 0.519 0 0.005
0.222 0.821 0 0.005
0.222 0.834 0 0.005
0.223 0.127 0 0.005
0.223 0.441 0 0.005
0.223 0.754 0 0.005
0.224 0.29 0 0.005
0.224 0.895 0 0.005
0.225 0.1 0 0.005
0.225 0.115 0 0.005
0.225 0.162 0 0.005
0.225 0.191 0 0.005
0.226 0.243 0 0.005
0.226 0.617 0 0.005
0.227 0.139 0 0.005
0.227 0.221 0 0.005
0.227 0.323 0 0.005
0.227 0.551 0 0.005
0.227 0.651 0 0.005
0.227 0.687 0 0.005
0.227 0.772 0 0.005
0.226 0.9985833333333334 0 0.005
0.228 0.31 0 0.005
0.228 0.945 0 0.005
0.229 0.262 0 0.005
0.229 0.563 0 0.005
0.229 0.595 0 0.005
0.229 0.921 0 0.005
0.23 0.019 0 0.005
0.23 0.485 0 0.005
0.231 0.03 0 0.005
0.231 0.88 0 0.005
0.232 0.424 0 0.005
0.232 0.463 0 0.005
0.232 0.82 0 0.005
0.233 0.391 0 0.005
0.233 0.674 0 0.005
0.233 0.911 0 0.005
0.233 0.971 0 0.005
0.234 0.213 0 0.005
0.234 0.251 0 0.005
0.234 0.358 0 0.005
0.234 0.371 0 0.005
0.234 0.695 0 0.005
0.234 0.795 0 0.005
0.234 0.954 0 0.005
0.234 0.0004166666666666667 0 0.005
0.235 0.113 0 0.005
0.235 0.297 0 0.005
0.235 0.346 0 0.005
0.236 0.072 0 0.005
0.236 0.527 0 0.005
0.237 0.764 0 0.005
0.238 0.55 0 0.005
0.239 0.095 0 0.005
0.239 0.494 0 0.005
0.239 0.504 0 0.005
0.24 0.66 0 0.005
0.241 0.273 0 0.005
0.241 0.479 0 0.005
0.241 0.883 0 0.005
0.242 0.332 0 0.005
0.243 0.261 0 0.005
0.243 0.463 0 0.005
0.243 0.818 0 0.005
0.243 0.86 0 0.005
0.243 0.903 0 0.005
0.244 0.704 0 0.005
0.244 0.729 0 0.005
0.244 0.805 0 0.005
0.244 0.9967708333333334 0 0.005
0.245 0.107 0 0.005
0.245 0.346 0 0.005
0.245 0.522 0 0.005
0.245 0.637 0 0.005
0.246 0.397 0 0.005
0.246 0.749 0 0.005
0.247 0.119 0 0.005
0.247 0.22 0 0.005
0.247 0.384 0 0.005
0.247 0.952 0 0.005
0.248 0.194 0 0.005
0.248 0.574 0 0.005
0.248 0.983 0 0.005
0.249 0.092 0 0.005
0.249 0.793 0 0.005
0.249 0.93 0 0.005
0.25 0.414 0 0.005
0.25 0.454 0 0.005
0.25 0.712 0 0.005
0.251 0.076 0 0.005
0.251 0.649 0 0.005
0.252 0.032 0 0.005
0.252 0.241 0 0.005
0.252 0.443 0 0.005
0.252 0.555 0 0.005
0.252 0.6 0 0.005
0.252 0.76 0 0.005
0.253 0.172 0 0.005
0.253 0.185 0 0.005
0.253 0.51 0 0.005
0.253 0.528 0 0.005
0.254 0.205 0 0.005
0.254 0.278 0 0.005
0.254 0.661 0 0.005
0.255 0.966 0 0.005
0.256 0.228 0 0.005
0.256 0.35 0 0.005
0.257 0.162 0 0.005
0.258 0.054 0 0.005
0.258 0.065 0 0.005
0.258 0.433 0 0.005
0.258 0.908 0 0.005
0.258 0.988 0 0.005
0.259 0.376 0 0.005
0.259 0.706 0 0.005
0.259 0.73 0 0.005
0.259 0.75 0 0.005
0.259 0.769 0 0.005
0.26 0.111 0 0.005
0.26 0.293 0 0.005
0.26 0.564 0 0.005
0.26 0.9981904761904762 0 0.005
0.261 0.615 0 0.005
0.261 0.932 0 0.005
0.262 0.815 0 0.005
0.263 0.319 0 0.005
0.263 0.631 0 0.005
0.264 0.195 0 0.005
0.264 0.282 0 0.005
0.264 0.893 0 0.005
0.265 0.42 0 0.005
0.265 0.48 0 0.005
0.265 0.547 0 0.005
0.266 0.23 0 0.005
0.266 0.578 0 0.005
0.267 0.74 0 0.005
0.267 0.8 0 0.005
0.267 0.922 0 0.005
0.268 0.166 0 0.005
0.268 0.363 0 0.005
0.269 0.116 0 0.005
0.269 0.151 0 0.005
0.269 0.862 0 0.005
0.27 0.504 0 0.005
0.27 0.558 0 0.005
0.27 0.773 0 0.005
0.27 0.971 0 0.005
0.271 0.043 0 0.005
0.271 0.082 0 0.005
0.271 0.262 0 0.005
0.271 0.638 0 0.005
0.27 0.9985833333333334 0 0.005
0.272 0.06 0 0.005
0.273 0.18 0 0.005
0.273 0.318 0 0.005
0.274 0.205 0 0.005
0.274 0.621 0 0.005
0.274 0.652 0 0.005
0.275 0.278 0 0.005
0.275 0.299 0 0.005
0.275 0.531 0 0.005
0.275 0.721 0 0.005
0.275 0.962 0 0.005
0.277 0.983 0 0.005
0.278 0.238 0 0.005
0.278 0.249 0 0.005
0.278 0.59 0 0.005
0.278 0.934 0 0.005
0.279 0.102 0 0.005
0.279 0.12 0 0.005
0.279 0.31 0 0.005
0.279 0.473 0 0.005
0.279 0.563 0 0.005
0.279 0.828 0 0.005
0.28 0.401 0 0.005
0.28 0.516 0 0.005
0.28 0.733 0 0.005
0.28 0.947 0 0.005
0.281 0.012 0 0.005
0.281 0.662 0 0.005
0.282 0.068 0 0.005
0.282 0.906 0 0.005
0.283 0.084 0 0.005
0.283 0.779 0 0.005
0.283 0.808 0 0.005
0.283 0.818 0 0.005
0.283 0.972 0 0.005
0.284 0.135 0 0.005
0.284 0.674 0 0.005
0.285 0.493 0 0.005
0.286 0.366 0 0.005
0.286 0.713 0 0.005
0.286 0.84 0 0.005
0.287 0.63 0 0.005
0.288 0.201 0 0.005
0.288 0.223 0 0.005
0.289 0.172 0 0.005
0.289 0.982 0 0.005
0.29 0.326 0 0.005
0.29 0.354 0 0.005
0.291 0.276 0 0.005
0.291 0.935 0 0.005
0.292 0.056 0 0.005
0.292 0.85 0 0.005
0.293 0.069 0 0.005
0.293 0.089 0 0.005
0.293 0.146 0 0.005
0.293 0.646 0 0.005
0.293 0.698 0 0.005
0.293 0.816 0 0.005
0.294 0.041 0 0.005
0.295 0.254 0 0.005
0.296 0.405 0 0.005
0.296 0.548 0 0.005
0.296 0.733 0 0.005
0.296 0.778 0 0.005
0.297 0.536 0 0.005
0.298 0.569 0 0.005
0.299 0.6 0 0.005
0.299 0.791 0 0.005
0.3 0.417 0 0.005
0.3 0.496 0 0.005
0.3 0.856 0 0.005
0.3 0.986 0 0.005
0.301 0.021 0 0.005
0.301 0.158 0 0.005
0.301 0.264 0 0.005
0.301 0.621 0 0.005
0.301 0.869 0 0.005
0.302 0.005 0 0.005
0.302 0.186 0 0.005
0.302 0.443 0 0.005
0.302 0.482 0 0.005
0.303 0.063 0 0.005
0.303 0.325 0 0.005
0.303 0.391 0 0.005
0.303 0.558 0 0.005
0.303 0.827 0 0.005
0.304 0.354 0 0.005
0.304 0.749 0 0.005
0.304 0.842 0 0.005
0.304 0.885 0 0.005
0.305 0.111 0 0.005
0.305 0.68 0 0.005
0.305 0.8 0 0.005
0.306 0.13 0 0.005
0.306 0.168 0 0.005
0.308 0.046 0 0.005
0.308 0.457 0 0.005
0.308 0.506 0 0.005
0.308 0.919 0 0.005
0.309 0.694 0 0.005
0.31 0.984 0 0.005
0.311 0.81 0 0.005
0.312 0.24 0 0.005
0.312 0.522 0 0.005
0.312 0.711 0 0.005
0.313 0.032 0 0.005
0.313 0.256 0 0.005
0.313 0.659 0 0.005
0.314 0.631 0 0.005
0.315 0.377 0 0.005
0.315 0.61 0 0.005
0.315 0.857 0 0.005
0.313 0.999 0 0.005
0.316 0.219 0 0.005
0.316 0.406 0 0.005
0.316 0.497 0 0.005
0.316 0.751 0 0.005
0.317 0.076 0 0.005
0.317 0.162 0 0.005
0.317 0.421 0 0.005
0.317 0.565 0 0.005
0.318 0.267 0 0.005
0.318 0.798 0 0.005
0.319 0.308 0 0.005
0.319 0.454 0 0.005
0.319 0.48 0 0.005
0.32 0.922 0 0.005
0.321 0.119 0 0.005
0.321 0.649 0 0.005
0.322 0.237 0 0.005
0.322 0.739 0 0.005
0.323 0.714 0 0.005
0.323 0.947 0 0.005
0.324 0.04 0 0.005
0.324 0.548 0 0.005
0.324 0.78 0 0.005
0.325 0.095 0 0.005
0.325 0.52 0 0.005
0.325 0.575 0 0.005
0.326 0.372 0 0.005
0.326 0.908 0 0.005
0.327 0.726 0 0.005
0.328 0.3 0 0.005
0.328 0.464 0 0.005
0.328 0.623 0 0.005
0.329 0.286 0 0.005
0.329 0.398 0 0.005
0.329 0.684 0 0.005
0.329 0.816 0 0.005
0.33 0.747 0 0.005
0.331 0.06 0 0.005
0.331 0.325 0 0.005
0.331 0.984 0 0.005
0.332 0.127 0 0.005
0.332 0.184 0 0.005
0.332 0.231 0 0.005
0.332 0.275 0 0.005
0.332 0.336 0 0.005
0.332 0.862 0 0.005
0.332 0.96 0 0.005
0.333 0.217 0 0.005
0.333 0.885 0 0.005
0.334 0.163 0 0.005
0.334 0.548 0 0.005
0.335 0.668 0 0.005
0.336 0.016 0 0.005
0.336 0.655 0 0.005
0.336 0.848 0 0.005
0.336 0.942 0 0.005
0.337 0.05 0 0.005
0.337 0.091 0 0.005
0.337 0.251 0 0.005
0.337 0.48 0 0.005
0.337 0.762 0 0.005
0.337 0.776 0 0.005
0.337 0.824 0 0.005
0.338 0.536 0 0.005
0.338 0.582 0 0.005
0.338 0.917 0 0.005
0.338 0.929 0 0.005
0.339 0.286 0 0.005
0.34 0.032 0 0.005
0.34 0.502 0 0.005
0.34 0.6 0 0.005
0.341 0.199 0 0.005
0.341 0.513 0 0.005
0.341 0.621 0 0.005
0.341 0.835 0 0.005
0.341 0.951 0 0.005
0.342 0.9 0 0.005
0.343 0.127 0 0.005
0.343 0.141 0 0.005
0.344 0.267 0 0.005
0.344 0.306 0 0.005
0.344 0.385 0 0.005
0.345 0.077 0 0.005
0.346 0.423 0 0.005
0.346 0.572 0 0.005
0.346 0.644 0 0.005
0.346 0.793 0 0.005
0.347 0.345 0 0.005
0.347 0.677 0 0.005
0.347 0.715 0 0.005
0.347 0.936 0 0.005
0.348 0.395 0 0.005
0.349 0.119 0 0.005
0.349 0.236 0 0.005
0.349 0.54 0 0.005
0.349 0.881 0 0.005
0.349 0.9967708333333334 0 0.005
0.35 0.053 0 0.005
0.35 0.225 0 0.005
0.35 0.439 0 0.005
0.35 0.507 0 0.005
0.35 0.631 0 0.005
0.35 0.734 0 0.005
0.35 0.967 0 0.005
0.351 0.196 0 0.005
0.351 0.781 0 0.005
0.351 0.835 0 0.005
0.352 0.985 0 0.005
0.353 0.275 0 0.005
0.353 0.354 0 0.005
0.354 0.129 0 0.005
0.354 0.914 0 0.005
0.355 0.524 0 0.005
0.355 0.725 0 0.005
0.356 0.315 0 0.005
0.356 0.421 0 0.005
0.357 0.462 0 0.005
0.358 0.299 0 0.005
0.358 0.33 0 0.005
0.358 0.578 0 0.005
0.358 0.85 0 0.005
0.359 0.074 0 0.005
0.359 0.148 0 0.005
0.359 0.539 0 0.005
0.359 0.752 0 0.005
0.359 0.86 0 0.005
0.36 0.004 0 0.005
0.36 0.565 0 0.005
0.36 0.897 0 0.005
0.36 0.964 0 0.005
0.361 0.369 0 0.005
0.361 0.438 0 0.005
0.361 0.488 0 0.005
0.361 0.787 0 0.005
0.362 0.478 0 0.005
0.363 0.595 0 0.005
0.364 0.044 0 0.005
0.364 0.131 0 0.005
0.364 0.799 0 0.005
0.365 0.253 0 0.005
0.366 0.156 0 0.005
0.366 0.195 0 0.005
0.366 0.717 0 0.005
0.367 0.234 0 0.005
0.367 0.624 0 0.005
0.367 0.989 0 0.005
0.368 0.023 0 0.005
0.368 0.526 0 0.005
0.369 0.222 0 0.005
0.369 0.607 0 0.005
0.369 0.67 0 0.005
0.369 0.953 0 0.005
0.37 0.0022291666666666666 0 0.005
0.37 0.173 0 0.005
0.372 0.807 0 0.005
0.372 0.92 0 0.005
0.373 0.09 0 0.005
0.373 0.305 0 0.005
0.373 0.451 0 0.005
0.373 0.968 0 0.005
0.373 0.98 0 0.005
0.374 0.545 0 0.005
0.374 0.83 0 0.005
0.375 0.441 0 0.005
0.375 0.638 0 0.005
0.376 0.342 0 0.005
0.377 0.872 0 0.005
0.377 0.929 0 0.005
0.378 0.422 0 0.005
0.379 0.238 0 0.005
0.379 0.677 0 0.005
0.38 0.597 0 0.005
0.38 0.744 0 0.005
0.381 0.05 0 0.005
0.381 0.079 0 0.005
0.381 0.818 0 0.005
0.381 0.956 0 0.005
0.382 0.119 0 0.005
0.382 0.197 0 0.005
0.382 0.226 0 0.005
0.382 0.282 0 0.005
0.382 0.503 0 0.005
0.382 0.536 0 0.005
0.382 0.556 0 0.005
0.383 0.094 0 0.005
0.383 0.27 0 0.005
0.383 0.468 0 0.005
0.383 0.916 0 0.005
0.384 0.037 0 0.005
0.384 0.216 0 0.005
0.384 0.841 0 0.005
0.384 0.852 0 0.005
0.385 0.257 0 0.005
0.385 0.452 0 0.005
0.385 0.659 0 0.005
0.385 0.991 0 0.005
0.386 0.404 0 0.005
0.386 0.439 0 0.005
0.386 0.621 0 0.005
0.386 0.9981904761904762 0 0.005
0.387 0.348 0 0.005
0.387 0.376 0 0.005
0.387 0.608 0 0.005
0.388 0.295 0 0.005
0.388 0.427 0 0.005
0.388 0.682 0 0.005
0.39 0.069 0 0.005
0.39 0.244 0 0.005
0.39 0.95 0 0.005
0.391 0.649 0 0.005
0.391 0.887 0 0.005
0.392 0.327 0 0.005
0.392 0.573 0 0.005
0.393 0.48 0 0.005
0.394 0.084 0 0.005
0.394 0.271 0 0.005
0.394 0.358 0 0.005
0.395 0.506 0 0.005
0.395 0.699 0 0.005
0.395 0.917 0 0.005
0.396 0.183 0 0.005
0.396 0.313 0 0.005
0.396 0.778 0 0.005
0.396 0.972 0 0.005
0.397 0.549 0 0.005
0.398 0.116 0 0.005
0.398 0.807 0 0.005
0.399 0.031 0 0.005
0.399 0.23 0 0.005
0.399 0.454 0 0.005
0.399 0.536 0 0.005
0.4 0.128 0 0.005
0.401 0.612 0 0.005
0.402 0.056 0 0.005
0.402 0.295 0 0.005
0.403 0.422 0 0.005
0.403 0.738 0 0.005
0.403 0.821 0 0.005
0.404 0.015 0 0.005
0.404 0.069 0 0.005
0.404 0.084 0 0.005
0.404 0.214 0 0.005
0.404 0.243 0 0.005
0.404 0.592 0 0.005
0.405 0.399 0 0.005
0.405 0.834 0 0.005
0.406 0.187 0 0.005
0.406 0.867 0 0.005
0.407 0.498 0 0.005
0.408 0.567 0 0.005
0.408 0.89 0 0.005
0.408 0.962 0 0.005
0.408 0.0004166666666666667 0 0.005
0.409 0.362 0 0.005
0.409 0.486 0 0.005
0.409 0.539 0 0.005
0.409 0.847 0 0.005
0.41 0.437 0 0.005
0.41 0.79 0 0.005
0.411 0.473 0 0.005
0.411 0.9967708333333334 0 0.005
0.412 0.035 0 0.005
0.412 0.284 0 0.005
0.412 0.938 0 0.005
0.413 0.252 0 0.005
0.413 0.606 0 0.005
0.413 0.769 0 0.005
0.413 0.952 0 0.005
0.414 0.24 0 0.005
0.414 0.334 0 0.005
0.414 0.376 0 0.005
0.414 0.672 0 0.005
0.414 0.809 0 0.005
0.415 0.134 0 0.005
0.415 0.298 0 0.005
0.415 0.312 0 0.005
0.415 0.418 0 0.005
0.415 0.512 0 0.005
0.415 0.559 0 0.005
0.416 0.086 0 0.005
0.416 0.687 0 0.005
0.417 0.097 0 0.005
0.417 0.226 0 0.005
0.418 0.058 0 0.005
0.418 0.157 0 0.005
0.418 0.585 0 0.005
0.418 0.624 0 0.005
0.418 0.637 0 0.005
0.418 0.926 0 0.005
0.419 0.462 0 0.005
0.419 0.647 0 0.005
0.419 0.709 0 0.005
0.419 0.73 0 0.005
0.42 0.492 0 0.005
0.42 0.983 0 0.005
0.421 0.125 0 0.005
0.421 0.472 0 0.005
0.421 0.894 0 0.005
0.422 0.178 0 0.005
0.422 0.208 0 0.005
0.422 0.433 0 0.005
0.422 0.967 0 0.005
0.424 0.076 0 0.005
0.424 0.257 0 0.005
0.424 0.674 0 0.005
0.424 0.761 0 0.005
0.425 0.957 0 0.005
0.426 0.371 0 0.005
0.427 0.146 0 0.005
0.428 0.109 0 0.005
0.428 0.158 0 0.005
0.428 0.3 0 0.005
0.429 0.065 0 0.005
0.429 0.608 0 0.005
0.429 0.996280701754386 0 0.005
0.43 0.286 0 0.005
0.43 0.586 0 0.005
0.431 0.549 0 0.005
0.432 0.172 0 0.005
0.432 0.223 0 0.005
0.432 0.409 0 0.005
0.432 0.457 0 0.005
0.432 0.536 0 0.005
0.432 0.702 0 0.005
0.433 0.014 0 0.005
0.433 0.363 0 0.005
0.434 0.055 0 0.005
0.434 0.333 0 0.005
0.434 0.424 0 0.005
0.434 0.435 0 0.005
0.434 0.8 0 0.005
0.434 0.819 0 0.005
0.435 0.751 0 0.005
0.435 0.909 0 0.005
0.436 0.785 0 0.005
0.437 0.086 0 0.005
0.438 0.028 0 0.005
0.438 0.617 0 0.005
0.438 0.723 0 0.005
0.439 0.495 0 0.005
0.439 0.941 0 0.005
0.44 0.238 0 0.005
0.44 0.852 0 0.005
0.441 0.53 0 0.005
0.441 0.919 0 0.005
0.442 0.114 0 0.005
0.442 0.39 0 0.005
0.442 0.639 0 0.005
0.442 0.868 0 0.005
0.442 0.951 0 0.005
0.443 0.472 0 0.005
0.443 0.513 0 0.005
0.443 0.664 0 0.005
0.444 0.196 0 0.005
0.444 0.361 0 0.005
0.444 0.435 0 0.005
0.444 0.701 0 0.005
0.445 0.736 0 0.005
0.446 0.101 0 0.005
0.446 0.904 0 0.005
0.447 0.174 0 0.005
0.447 0.252 0 0.005
0.447 0.292 0 0.005
0.447 0.328 0 0.005
0.447 0.547 0 0.005
0.447 0.558 0 0.005
0.448 0.844 0 0.005
0.449 0.416 0 0.005
0.449 0.624 0 0.005
0.449 0.723 0 0.005
0.45 0.521 0 0.005
0.45 0.65 0 0.005
0.45 0.752 0 0.005
0.45 0.969 0 0.005
0.451 0.444 0 0.005
0.452 0.241 0 0.005
0.452 0.315 0 0.005
0.453 0.041 0 0.005
0.453 0.859 0 0.005
0.453 0.951 0 0.005
0.453 0.995 0 0.005
0.454 0.161 0 0.005
0.454 0.211 0 0.005
0.454 0.499 0 0.005
0.454 0.532 0 0.005
0.455 0.139 0 0.005
0.455 0.334 0 0.005
0.456 0.013 0 0.005
0.456 0.406 0 0.005
0.456 0.575 0 0.005
0.456 0.923 0 0.005
0.457 0.269 0 0.005
0.457 0.435 0 0.005
0.459 0.345 0 0.005
0.459 0.63 0 0.005
0.459 0.66 0 0.005
0.46 0.419 0 0.005
0.46 0.707 0 0.005
0.46 0.743 0 0.005
0.46 0.943 0 0.005
0.461 0.6 0 0.005
0.462 0.088 0 0.005
0.462 0.461 0 0.005
0.463 0.181 0 0.005
0.463 0.229 0 0.005
0.465 0.25 0 0.005
0.465 0.967 0 0.005
0.466 0.372 0 0.005
0.467 0.02 0 0.005
0.467 0.496 0 0.005
0.467 0.717 0 0.005
0.468 0.324 0 0.005
0.468 0.769 0 0.005
0.468 0.809 0 0.005
0.469 0.071 0 0.005
0.469 0.103 0 0.005
0.469 0.132 0 0.005
0.469 0.393 0 0.005
0.469 0.535 0 0.005
0.469 0.588 0 0.005
0.469 0.824 0 0.005
0.469 0.854 0 0.005
0.469 0.868 0 0.005
0.469 0.923 0 0.005
0.47 0.347 0 0.005
0.471 0.055 0 0.005
0.471 0.277 0 0.005
0.471 0.43 0 0.005
0.471 0.693 0 0.005
0.472 0.779 0 0.005
0.473 0.117 0 0.005
0.473 0.748 0 0.005
0.474 0.547 0 0.005
0.475 0.955 0 0.005
0.476 0.014 0 0.005
0.476 0.09 0 0.005
0.476 0.267 0 0.005
0.476 0.385 0 0.005
0.477 0.16 0 0.005
0.477 0.182 0 0.005
0.477 0.562 0 0.005
0.477 0.683 0 0.005
0.477 0.706 0 0.005
0.477 0.843 0 0.005
0.478 0.233 0 0.005
0.478 0.255 0 0.005
0.478 0.474 0 0.005
0.479 0.323 0 0.005
0.479 0.578 0 0.005
0.48 0.038 0 0.005
0.48 0.148 0 0.005
0.48 0.642 0 0.005
0.48 0.672 0 0.005
0.48 0.732 0 0.005
0.48 0.892 0 0.005
0.481 0.071 0 0.005
0.481 0.352 0 0.005
0.481 0.49 0 0.005
0.481 0.969 0 0.005
0.482 0.403 0 0.005
0.482 0.419 0 0.005
0.483 0.931 0 0.005
0.483 0.9972564102564103 0 0.005
0.484 0.275 0 0.005
0.484 0.465 0 0.005
0.484 0.614 0 0.005
0.485 0.653 0 0.005
0.486 0.513 0 0.005
0.486 0.551 0 0.005
0.486 0.664 0 0.005
0.488 0.636 0 0.005
0.488 0.817 0 0.005
0.488 0.828 0 0.005
0.489 0.013 0 0.005
0.489 0.737 0 0.005
0.489 0.79 0 0.005
0.49 0.128 0 0.005
0.49 0.226 0 0.005
0.49 0.263 0 0.005
0.491 0.353 0 0.005
0.492 0.086 0 0.005
0.492 0.115 0 0.005
0.492 0.424 0 0.005
0.492 0.679 0 0.005
0.493 0.041 0 0.005
0.493 0.314 0 0.005
0.493 0.37 0 0.005
0.493 0.403 0 0.005
0.494 0.075 0 0.005
0.494 0.098 0 0.005
0.494 0.184 0 0.005
0.494 0.293 0 0.005
0.494 0.958 0 0.005
0.495 0.147 0 0.005
0.495 0.173 0 0.005
0.495 0.242 0 0.005
0.495 0.727 0 0.005
0.495 0.902 0 0.005
0.496 0.584 0 0.005
0.498 0.202 0 0.005
0.498 0.878 0 0.005
0.499 0.481 0 0.005
0.499 0.522 0 0.005
0.499 0.943 0 0.005
0.5 0.663 0 0.005
0.5 0.911 0 0.005
0.501 0.002719298245614035 0 0.005
0.501 0.416 0 0.005
0.501 0.69 0 0.005
0.501 0.801 0 0.005
0.501 0.888 0 0.005
0.502 0.019 0 0.005
0.502 0.161 0 0.005
0.502 0.363 0 0.005
0.502 0.44 0 0.005
0.502 0.9977333333333334 0 0.005
0.503 0.276 0 0.005
0.503 0.329 0 0.005
0.503 0.57 0 0.005
0.503 0.6 0 0.005
0.504 0.126 0 0.005
0.504 0.464 0 0.005
0.504 0.614 0 0.005
0.505 0.496 0 0.005
0.505 0.633 0 0.005
0.505 0.706 0 0.005
0.505 0.726 0 0.005
0.506 0.097 0 0.005
0.506 0.344 0 0.005
0.506 0.374 0 0.005
0.507 0.387 0 0.005
0.508 0.22 0 0.005
0.508 0.253 0 0.005
0.508 0.432 0 0.005
0.508 0.826 0 0.005
0.509 0.196 0 0.005
0.51 0.112 0 0.005
0.51 0.456 0 0.005
0.51 0.588 0 0.005
0.51 0.646 0 0.005
0.511 0.308 0 0.005
0.511 0.751 0 0.005
0.511 0.925 0 0.005
0.512 0.552 0 0.005
0.513 0.145 0 0.005
0.513 0.487 0 0.005
0.514 0.791 0 0.005
0.514 0.909 0 0.005
0.515 0.051 0 0.005
0.515 0.687 0 0.005
0.515 0.712 0 0.005
0.515 0.871 0 0.005
0.516 0.952 0 0.005
0.516 0.9977333333333334 0 0.005
0.517 0.321 0 0.005
0.517 0.514 0 0.005
0.517 0.777 0 0.005
0.518 0.333 0 0.005
0.518 0.541 0 0.005
0.518 0.573 0 0.005
0.518 0.635 0 0.005
0.518 0.723 0 0.005
0.518 0.735 0 0.005
0.518 0.963 0 0.005
0.519 0.022 0 0.005
0.519 0.401 0 0.005
0.519 0.607 0 0.005
0.52 0.032 0 0.005
0.52 0.235 0 0.005
0.52 0.35 0 0.005
0.52 0.39 0 0.005
0.52 0.975 0 0.005
0.521 0.076 0 0.005
0.521 0.263 0 0.005
0.521 0.422 0 0.005
0.521 0.86 0 0.005
0.521 0.885 0 0.005
0.522 0.102 0 0.005
0.522 0.159 0 0.005
0.522 0.432 0 0.005
0.522 0.528 0 0.005
0.522 0.617 0 0.005
0.522 0.829 0 0.005
0.523 0.211 0 0.005
0.523 0.681 0 0.005
0.524 0.292 0 0.005
0.524 0.46 0 0.005
0.524 0.474 0 0.005
0.524 0.744 0 0.005
0.524 0.938 0 0.005
0.526 0.252 0 0.005
0.526 0.628 0 0.005
0.527 0.755 0 0.005
0.527 0.779 0 0.005
0.528 0.511 0 0.005
0.528 0.585 0 0.005
0.529 0.501 0 0.005
0.53 0.038 0 0.005
0.53 0.085 0 0.005
0.53 0.151 0 0.005
0.53 0.79 0 0.005
0.53 0.876 0 0.005
0.531 0.024 0 0.005
0.531 0.644 0 0.005
0.531 0.992 0 0.005
0.532 0.101 0 0.005
0.532 0.377 0 0.005
0.532 0.695 0 0.005
0.533 0.125 0 0.005
0.533 0.565 0 0.005
0.533 0.866 0 0.005
0.534 0.141 0 0.005
0.534 0.213 0 0.005
0.534 0.432 0 0.005
0.534 0.533 0 0.005
0.534 0.654 0 0.005
0.534 0.814 0 0.005
0.534 0.979 0 0.005
0.535 0.074 0 0.005
0.535 0.355 0 0.005
0.535 0.735 0 0.005
0.535 0.765 0 0.005
0.535 0.934 0 0.005
0.536 0.39 0 0.005
0.536 0.836 0 0.005
0.536 0.855 0 0.005
0.536 0.944 0 0.005
0.534 0.999 0 0.005
0.537 0.285 0 0.005
0.537 0.673 0 0.005
0.538 0.174 0 0.005
0.538 0.413 0 0.005
0.538 0.753 0 0.005
0.539 0.224 0 0.005
0.539 0.31 0 0.005
0.539 0.962 0 0.005
0.54 0.0008095238095238096 0 0.005
0.54 0.234 0 0.005
0.54 0.323 0 0.005
0.54 0.441 0 0.005
0.541 0.008 0 0.005
0.541 0.263 0 0.005
0.541 0.799 0 0.005
0.542 0.16 0 0.005
0.542 0.514 0 0.005
0.543 0.099 0 0.005
0.543 0.612 0 0.005
0.544 0.342 0 0.005
0.544 0.599 0 0.005
0.544 0.721 0 0.005
0.545 0.031 0 0.005
0.545 0.062 0 0.005
0.545 0.084 0 0.005
0.545 0.301 0 0.005
0.545 0.485 0 0.005
0.545 0.811 0 0.005
0.545 0.899 0 0.005
0.547 0.868 0 0.005
0.547 0.951 0 0.005
0.548 0.454 0 0.005
0.548 0.548 0 0.005
0.548 0.831 0 0.005
0.55 0.143 0 0.005
0.55 0.248 0 0.005
0.55 0.649 0 0.005
0.551 0.046 0 0.005
0.551 0.845 0 0.005
0.552 0.214 0 0.005
0.552 0.238 0 0.005
0.552 0.397 0 0.005
0.552 0.471 0 0.005
0.552 0.742 0 0.005
0.553 0.263 0 0.005
0.553 0.319 0 0.005
0.553 0.359 0 0.005
0.553 0.625 0 0.005
0.553 0.756 0 0.005
0.554 0.276 0 0.005
0.554 0.714 0 0.005
0.555 0.769 0 0.005
0.556 0.503 0 0.005
0.556 0.528 0 0.005
0.556 0.78 0 0.005
0.556 0.805 0 0.005
0.556 0.93 0 0.005
0.557 0.836 0 0.005
0.557 0.911 0 0.005
0.557 0.943 0 0.005
0.558 0.341 0 0.005
0.558 0.891 0 0.005
0.559 0.446 0 0.005
0.559 0.644 0 0.005
0.56 0.173 0 0.005
0.56 0.284 0 0.005
0.56 0.725 0 0.005
0.561 0.092 0 0.005
0.562 0.004 0 0.005
0.562 0.212 0 0.005
0.562 0.481 0 0.005
0.562 0.747 0 0.005
0.562 0.97 0 0.005
0.563 0.223 0 0.005
0.563 0.329 0 0.005
0.564 0.246 0 0.005
0.564 0.536 0 0.005
0.564 0.563 0 0.005
0.564 0.577 0 0.005
0.564 0.658 0 0.005
0.564 0.921 0 0.005
0.565 0.035 0 0.005
0.565 0.106 0 0.005
0.565 0.161 0 0.005
0.565 0.298 0 0.005
0.565 0.317 0 0.005
0.565 0.625 0 0.005
0.565 0.668 0 0.005
0.565 0.763 0 0.005
0.566 0.077 0 0.005
0.566 0.141 0 0.005
0.566 0.679 0 0.005
0.568 0.203 0 0.005
0.568 0.268 0 0.005
0.569 0.122 0 0.005
0.569 0.256 0 0.005
0.569 0.435 0 0.005
0.569 0.987 0 0.005
0.57 0.011 0 0.005
0.57 0.348 0 0.005
0.57 0.457 0 0.005
0.571 0.394 0 0.005
0.571 0.493 0 0.005
0.571 0.782 0 0.005
0.571 0.798 0 0.005
0.571 0.865 0 0.005
0.572 0.608 0 0.005
0.572 0.711 0 0.005
0.572 0.824 0 0.005
0.573 0.326 0 0.005
0.573 0.369 0 0.005
0.573 0.519 0 0.005
0.573 0.809 0 0.005
0.573 0.9967708333333334 0 0.005
0.574 0.217 0 0.005
0.574 0.424 0 0.005
0.574 0.553 0 0.005
0.575 0.316 0 0.005
0.575 0.668 0 0.005
0.575 0.915 0 0.005
0.575 0.977 0 0.005
0.576 0.163 0 0.005
0.576 0.233 0 0.005
0.576 0.275 0 0.005
0.576 0.637 0 0.005
0.577 0.1 0 0.005
0.577 0.147 0 0.005
0.577 0.882 0 0.005
0.577 0.943 0 0.005
0.578 0.023 0 0.005
0.578 0.534 0 0.005
0.578 0.855 0 0.005
0.579 0.058 0 0.005
0.58 0.123 0 0.005
0.58 0.692 0 0.005
0.581 0.11 0 0.005
0.581 0.172 0 0.005
0.581 0.183 0 0.005
0.581 0.444 0 0.005
0.581 0.652 0 0.005
0.581 0.722 0 0.005
0.581 0.738 0 0.005
0.582 0.207 0 0.005
0.582 0.585 0 0.005
0.582 0.928 0 0.005
0.584 0.388 0 0.005
0.584 0.711 0 0.005
0.584 0.84 0 0.005
0.585 0.516 0 0.005
0.585 0.609 0 0.005
0.585 0.791 0 0.005
0.586 0.132 0 0.005
0.587 0.153 0 0.005
0.587 0.669 0 0.005
0.587 0.873 0 0.005
0.588 0.309 0 0.005
0.588 0.526 0 0.005
0.588 0.822 0 0.005
0.589 0.645 0 0.005
0.589 0.732 0 0.005
0.59 0.0008095238095238096 0 0.005
0.59 0.348 0 0.005
0.59 0.4 0 0.005
0.59 0.467 0 0.005
0.591 0.014 0 0.005
0.591 0.593 0 0.005
0.591 0.656 0 0.005
0.591 0.751 0 0.005
0.592 0.205 0 0.005
0.592 0.438 0 0.005
0.592 0.624 0 0.005
0.592 0.634 0 0.005
0.592 0.937 0 0.005
0.593 0.318 0 0.005
0.594 0.08 0 0.005
0.594 0.229 0 0.005
0.595 0.069 0 0.005
0.595 0.337 0 0.005
0.595 0.541 0 0.005
0.595 0.855 0 0.005
0.596 0.813 0 0.005
0.597 0.098 0 0.005
0.597 0.842 0 0.005
0.597 0.879 0 0.005
0.598 0.172 0 0.005
0.598 0.474 0 0.005
0.598 0.552 0 0.005
0.598 0.67 0 0.005
0.598 0.685 0 0.005
0.598 0.956 0 0.005
0.599 0.158 0 0.005
0.599 0.577 0 0.005
0.599 0.715 0 0.005
0.6 0.252 0 0.005
0.6 0.73 0 0.005
0.601 0.211 0 0.005
0.602 0.088 0 0.005
0.602 0.376 0 0.005
0.602 0.391 0 0.005
0.602 0.969 0 0.005
0.603 0.284 0 0.005
0.603 0.497 0 0.005
0.604 0.124 0 0.005
0.604 0.296 0 0.005
0.604 0.406 0 0.005
0.605 0.04 0 0.005
0.605 0.137 0 0.005
0.605 0.185 0 0.005
0.605 0.347 0 0.005
0.605 0.89 0 0.005
0.606 0.791 0 0.005
0.606 0.917 0 0.005
0.607 0.313 0 0.005
0.607 0.435 0 0.005
0.607 0.627 0 0.005
0.607 0.978 0 0.005
0.608 0.56 0 0.005
0.608 0.692 0 0.005
0.608 0.814 0 0.005
0.608 0.844 0 0.005
0.609 0.24 0 0.005
0.609 0.269 0 0.005
0.609 0.592 0 0.005
0.61 0.018 0 0.005
0.61 0.61 0 0.005
0.611 0.447 0 0.005
0.611 0.522 0 0.005
0.611 0.651 0 0.005
0.612 0.0012666666666666666 0 0.005
0.612 0.756 0 0.005
0.613 0.776 0 0.005
0.614 0.321 0 0.005
0.614 0.412 0 0.005
0.615 0.119 0 0.005
0.615 0.155 0 0.005
0.615 0.393 0 0.005
0.615 0.99 0 0.005
0.616 0.331 0 0.005
0.616 0.427 0 0.005
0.616 0.549 0 0.005
0.616 0.6 0 0.005
0.616 0.9 0 0.005
0.616 0.962 0 0.005
0.618 0.075 0 0.005
0.618 0.786 0 0.005
0.619 0.343 0 0.005
0.619 0.382 0 0.005
0.619 0.884 0 0.005
0.619 0.947 0 0.005
0.62 0.058 0 0.005
0.62 0.141 0 0.005
0.62 0.403 0 0.005
0.62 0.467 0 0.005
0.62 0.861 0 0.005
0.621 0.131 0 0.005
0.621 0.366 0 0.005
0.621 0.478 0 0.005
0.622 0.007 0 0.005
0.622 0.315 0 0.005
0.622 0.661 0 0.005
0.624 0.11 0 0.005
0.624 0.672 0 0.005
0.623 0.0 0 0.005
0.625 0.489 0 0.005
0.626 0.448 0 0.005
0.627 0.351 0 0.005
0.627 0.808 0 0.005
0.628 0.249 0 0.005
0.628 0.994 0 0.005
0.629 0.191 0 0.005
0.629 0.234 0 0.005
0.629 0.782 0 0.005
0.629 0.976 0 0.005
0.63 0.072 0 0.005
0.63 0.219 0 0.005
0.63 0.373 0 0.005
0.631 0.553 0 0.005
0.631 0.697 0 0.005
0.631 0.825 0 0.005
0.632 0.578 0 0.005
0.633 0.04 0 0.005
0.633 0.418 0 0.005
0.633 0.476 0 0.005
0.633 0.718 0 0.005
0.633 0.849 0 0.005
0.634 0.14 0 0.005
0.634 0.16 0 0.005
0.634 0.923 0 0.005
0.635 0.091 0 0.005
0.635 0.766 0 0.005
0.636 0.06 0 0.005
0.636 0.299 0 0.005
0.636 0.439 0 0.005
0.636 0.89 0 0.005
0.637 0.399 0 0.005
0.637 0.9972564102564103 0 0.005
0.638 0.616 0 0.005
0.638 0.865 0 0.005
0.639 0.203 0 0.005
0.639 0.236 0 0.005
0.639 0.541 0 0.005
0.64 0.746 0 0.005
0.64 0.978 0 0.005
0.641 0.186 0 0.005
0.641 0.223 0 0.005
0.641 0.339 0 0.005
0.641 0.496 0 0.005
0.641 0.805 0 0.005
0.641 0.876 0 0.005
0.642 0.117 0 0.005
0.642 0.285 0 0.005
0.642 0.369 0 0.005
0.643 0.248 0 0.005
0.643 0.589 0 0.005
0.643 0.728 0 0.005
0.644 0.69 0 0.005
0.644 0.851 0 0.005
0.645 0.515 0 0.005
0.645 0.942 0 0.005
0.645 0.991 0 0.005
0.646 0.15 0 0.005
0.646 0.435 0 0.005
0.646 0.468 0 0.005
0.646 0.674 0 0.005
0.646 0.78 0 0.005
0.647 0.318 0 0.005
0.647 0.63 0 0.005
0.647 0.7 0 0.005
0.648 0.136 0 0.005
0.648 0.268 0 0.005
0.649 0.835 0 0.005
0.65 0.038 0 0.005
0.65 0.069 0 0.005
0.65 0.094 0 0.005
0.65 0.453 0 0.005
0.65 0.615 0 0.005
0.65 0.745 0 0.005
0.65 0.979 0 0.005
0.651 0.258 0 0.005
0.651 0.583 0 0.005
0.652 0.327 0 0.005
0.653 0.424 0 0.005
0.654 0.016 0 0.005
0.654 0.108 0 0.005
0.654 0.299 0 0.005
0.654 0.598 0 0.005
0.654 0.66 0 0.005
0.655 0.528 0 0.005
0.655 0.539 0 0.005
0.655 0.568 0 0.005
0.655 0.735 0 0.005
0.655 0.892 0 0.005
0.655 0.942 0 0.005
0.657 0.084 0 0.005
0.657 0.923 0 0.005
0.658 0.373 0 0.005
0.659 0.352 0 0.005
0.659 0.491 0 0.005
0.659 0.725 0 0.005
0.659 0.789 0 0.005
0.66 0.143 0 0.005
0.66 0.44 0 0.005
0.66 0.714 0 0.005
0.66 0.762 0 0.005
0.66 0.861 0 0.005
0.659 0.0 0 0.005
0.661 0.278 0 0.005
0.661 0.695 0 0.005
0.661 0.747 0 0.005
0.662 0.035 0 0.005
0.662 0.074 0 0.005
0.662 0.096 0 0.005
0.662 0.264 0 0.005
0.662 0.308 0 0.005
0.663 0.336 0 0.005
0.663 0.851 0 0.005
0.663 0.88 0 0.005
0.663 0.987 0 0.005
0.664 0.363 0 0.005
0.664 0.64 0 0.005
0.665 0.014 0 0.005
0.665 0.404 0 0.005
0.666 0.386 0 0.005
0.666 0.528 0 0.005
0.667 0.129 0 0.005
0.667 0.23 0 0.005
0.667 0.593 0 0.005
0.667 0.673 0 0.005
0.667 0.821 0 0.005
0.667 0.96 0 0.005
0.668 0.115 0 0.005
0.668 0.465 0 0.005
0.668 0.502 0 0.005
0.668 0.942 0 0.005
0.669 0.057 0 0.005
0.669 0.374 0 0.005
0.67 0.0017435897435897436 0 0.005
0.67 0.548 0 0.005
0.67 0.866 0 0.005
0.671 0.089 0 0.005
0.671 0.273 0 0.005
0.671 0.415 0 0.005
0.671 0.617 0 0.005
0.671 0.921 0 0.005
0.672 0.298 0 0.005
0.672 0.481 0 0.005
0.673 0.288 0 0.005
0.673 0.436 0 0.005
0.673 0.729 0 0.005
0.674 0.451 0 0.005
0.674 0.714 0 0.005
0.675 0.405 0 0.005
0.675 0.836 0 0.005
0.675 0.907 0 0.005
0.676 0.364 0 0.005
0.676 0.635 0 0.005
0.676 0.661 0 0.005
0.676 0.88 0 0.005
0.677 0.193 0 0.005
0.677 0.588 0 0.005
0.677 0.897 0 0.005
0.677 0.936 0 0.005
0.677 0.947 0 0.005
0.677 0.957 0 0.005
0.678 0.134 0 0.005
0.678 0.16 0 0.005
0.678 0.787 0 0.005
0.678 0.797 0 0.005
0.679 0.6 0 0.005
0.679 0.777 0 0.005
0.679 0.987 0 0.005
0.68 0.809 0 0.005
0.681 0.413 0 0.005
0.681 0.512 0 0.005
0.682 0.342 0 0.005
0.682 0.529 0 0.005
0.682 0.61 0 0.005
0.682 0.652 0 0.005
0.682 0.868 0 0.005
0.682 0.975 0 0.005
0.683 0.149 0 0.005
0.683 0.477 0 0.005
0.684 0.104 0 0.005
0.685 0.264 0 0.005
0.685 0.441 0 0.005
0.686 0.283 0 0.005
0.686 0.313 0 0.005
0.686 0.429 0 0.005
0.686 0.458 0 0.005
0.686 0.503 0 0.005
0.686 0.623 0 0.005
0.686 0.681 0 0.005
0.686 0.818 0 0.005
0.687 0.0008095238095238096 0 0.005
0.687 0.127 0 0.005
0.687 0.24 0 0.005
0.687 0.301 0 0.005
0.687 0.333 0 0.005
0.687 0.538 0 0.005
0.687 0.849 0 0.005
0.687 0.883 0 0.005
0.688 0.9981904761904762 0 0.005
0.689 0.753 0 0.005
0.689 0.96 0 0.005
0.69 0.191 0 0.005
0.69 0.518 0 0.005
0.692 0.79 0 0.005
0.693 0.322 0 0.005
0.695 0.038 0 0.005
0.695 0.697 0 0.005
0.695 0.711 0 0.005
0.695 0.777 0 0.005
0.696 0.17 0 0.005
0.696 0.257 0 0.005
0.696 0.29 0 0.005
0.696 0.442 0 0.005
0.696 0.465 0 0.005
0.696 0.59 0 0.005
0.697 0.385 0 0.005
0.697 0.56 0 0.005
0.697 0.602 0 0.005
0.697 0.731 0 0.005
0.697 0.799 0 0.005
0.698 0.144 0 0.005
0.698 0.5 0 0.005
0.698 0.929 0 0.005
0.699 0.159 0 0.005
0.699 0.233 0 0.005
0.699 0.31 0 0.005
0.699 0.823 0 0.005
0.699 0.847 0 0.005
0.699 0.877 0 0.005
0.699 0.901 0 0.005
0.699 0.985 0 0.005
0.699 0.9972564102564103 0 0.005
0.7 0.371 0 0.005
0.701 0.061 0 0.005
0.701 0.079 0 0.005
0.701 0.528 0 0.005
0.701 0.658 0 0.005
0.701 0.891 0 0.005
0.702 0.023 0 0.005
0.702 0.547 0 0.005
0.703 0.13 0 0.005
0.703 0.282 0 0.005
0.703 0.791 0 0.005
0.703 0.952 0 0.005
0.704 0.0017435897435897436 0 0.005
0.704 0.862 0 0.005
0.705 0.116 0 0.005
0.705 0.326 0 0.005
0.705 0.914 0 0.005
0.705 0.963 0 0.005
0.706 0.488 0 0.005
0.708 0.094 0 0.005
0.709 0.035 0 0.005
0.709 0.295 0 0.005
0.709 0.783 0 0.005
0.71 0.229 0 0.005
0.71 0.312 0 0.005
0.71 0.339 0 0.005
0.711 0.017 0 0.005
0.711 0.059 0 0.005
0.711 0.423 0 0.005
0.712 0.169 0 0.005
0.712 0.239 0 0.005
0.712 0.453 0 0.005
0.712 0.499 0 0.005
0.712 0.59 0 0.005
0.712 0.619 0 0.005
0.712 0.703 0 0.005
0.712 0.733 0 0.005
0.713 0.186 0 0.005
0.713 0.566 0 0.005
0.713 0.649 0 0.005
0.713 0.689 0 0.005
0.714 0.111 0 0.005
0.714 0.819 0 0.005
0.715 0.403 0 0.005
0.715 0.95 0 0.005
0.716 0.321 0 0.005
0.716 0.671 0 0.005
0.716 0.882 0 0.005
0.717 0.009 0 0.005
0.717 0.349 0 0.005
0.717 0.841 0 0.005
0.717 0.9977333333333334 0 0.005
0.718 0.435 0 0.005
0.719 0.212 0 0.005
0.72 0.931 0 0.005
0.721 0.034 0 0.005
0.721 0.31 0 0.005
0.721 0.764 0 0.005
0.721 0.978 0 0.005
0.722 0.411 0 0.005
0.722 0.556 0 0.005
0.722 0.747 0 0.005
0.722 0.902 0 0.005
0.723 0.397 0 0.005
0.723 0.594 0 0.005
0.723 0.967 0 0.005
0.724 0.059 0 0.005
0.724 0.702 0 0.005
0.725 0.264 0 0.005
0.725 0.799 0 0.005
0.726 0.089 0 0.005
0.726 0.184 0 0.005
0.726 0.324 0 0.005
0.726 0.369 0 0.005
0.726 0.846 0 0.005
0.727 0.0017435897435897436 0 0.005
0.727 0.494 0 0.005
0.727 0.884 0 0.005
0.728 0.159 0 0.005
0.728 0.436 0 0.005
0.728 0.816 0 0.005
0.729 0.719 0 0.005
0.73 0.511 0 0.005
0.73 0.542 0 0.005
0.73 0.949 0 0.005
0.731 0.099 0 0.005
0.731 0.222 0 0.005
0.731 0.279 0 0.005
0.732 0.019 0 0.005
0.732 0.2 0 0.005
0.732 0.298 0 0.005
0.732 0.871 0 0.005
0.733 0.347 0 0.005
0.733 0.731 0 0.005
0.734 0.14 0 0.005
0.734 0.249 0 0.005
0.734 0.608 0 0.005
0.735 0.397 0 0.005
0.735 0.674 0 0.005
0.735 0.805 0 0.005
0.735 0.914 0 0.005
0.736 0.187 0 0.005
0.736 0.263 0 0.005
0.736 0.575 0 0.005
0.736 0.598 0 0.005
0.736 0.788 0 0.005
0.736 0.987 0 0.005
0.737 0.11 0 0.005
0.737 0.43 0 0.005
0.737 0.69 0 0.005
0.738 0.36 0 0.005
0.738 0.621 0 0.005
0.739 0.815 0 0.005
0.74 0.161 0 0.005
0.74 0.476 0 0.005
0.74 0.705 0 0.005
0.741 0.028 0 0.005
0.741 0.386 0 0.005
0.741 0.561 0 0.005
0.742 0.007 0 0.005
0.743 0.29 0 0.005
0.743 0.655 0 0.005
0.744 0.229 0 0.005
0.744 0.952 0 0.005
0.745 0.404 0 0.005
0.745 0.767 0 0.005
0.745 0.993 0 0.005
0.746 0.441 0 0.005
0.746 0.493 0 0.005
0.746 0.737 0 0.005
0.746 0.799 0 0.005
0.747 0.177 0 0.005
0.747 0.589 0 0.005
0.748 0.016 0 0.005
0.748 0.087 0 0.005
0.748 0.88 0 0.005
0.749 0.809 0 0.005
0.749 0.891 0 0.005
0.75 0.162 0 0.005
0.75 0.364 0 0.005
0.75 0.478 0 0.005
0.75 0.537 0 0.005
0.75 0.574 0 0.005
0.75 0.0004166666666666667 0 0.005
0.751 0.675 0 0.005
0.751 0.901 0 0.005
0.752 0.223 0 0.005
0.752 0.616 0 0.005
0.752 0.93 0 0.005
0.753 0.65 0 0.005
0.753 0.97 0 0.005
0.753 0.984 0 0.005
0.754 0.462 0 0.005
0.755 0.275 0 0.005
0.755 0.633 0 0.005
0.756 0.069 0 0.005
0.756 0.306 0 0.005
0.756 0.55 0 0.005
0.756 0.92 0 0.005
0.757 0.566 0 0.005
0.757 0.725 0 0.005
0.758 0.263 0 0.005
0.758 0.415 0 0.005
0.758 0.659 0 0.005
0.758 0.684 0 0.005
0.759 0.597 0 0.005
0.759 0.886 0 0.005
0.76 0.162 0 0.005
0.76 0.212 0 0.005
0.76 0.367 0 0.005
0.761 0.341 0 0.005
0.761 0.479 0 0.005
0.761 0.624 0 0.005
0.761 0.995 0 0.005
0.762 0.907 0 0.005
0.763 0.118 0 0.005
0.764 0.857 0 0.005
0.765 0.058 0 0.005
0.765 0.174 0 0.005
0.765 0.449 0 0.005
0.766 0.427 0 0.005
0.766 0.948 0 0.005
0.767 0.094 0 0.005
0.767 0.492 0 0.005
0.767 0.738 0 0.005
0.768 0.397 0 0.005
0.768 0.522 0 0.005
0.768 0.709 0 0.005
0.768 0.811 0 0.005
0.769 0.206 0 0.005
0.769 0.373 0 0.005
0.769 0.416 0 0.005
0.769 0.54 0 0.005
0.769 0.751 0 0.005
0.769 0.974 0 0.005
0.77 0.652 0 0.005
0.77 0.777 0 0.005
0.77 0.838 0 0.005
0.771 0.578 0 0.005
0.772 0.322 0 0.005
0.772 0.332 0 0.005
0.772 0.608 0 0.005
0.772 0.69 0 0.005
0.772 0.988 0 0.005
0.773 0.033 0 0.005
0.774 0.184 0 0.005
0.774 0.726 0 0.005
0.774 0.958 0 0.005
0.775 0.131 0 0.005
0.775 0.293 0 0.005
0.775 0.661 0 0.005
0.775 0.759 0 0.005
0.775 0.877 0 0.005
0.776 0.155 0 0.005
0.776 0.348 0 0.005
0.777 0.0022291666666666666 0 0.005
0.777 0.012 0 0.005
0.778 0.115 0 0.005
0.778 0.358 0 0.005
0.778 0.402 0 0.005
0.778 0.742 0 0.005
0.778 0.864 0 0.005
0.779 0.313 0 0.005
0.78 0.085 0 0.005
0.78 0.101 0 0.005
0.78 0.172 0 0.005
0.78 0.386 0 0.005
0.78 0.433 0 0.005
0.782 0.682 0 0.005
0.782 0.847 0 0.005
0.782 0.966 0 0.005
0.783 0.03 0 0.005
0.783 0.061 0 0.005
0.783 0.143 0 0.005
0.783 0.285 0 0.005
0.783 0.797 0 0.005
0.783 0.948 0 0.005
0.784 0.474 0 0.005
0.784 0.599 0 0.005
0.785 0.821 0 0.005
0.785 0.879 0 0.005
0.786 0.208 0 0.005
0.787 0.268 0 0.005
0.788 0.154 0 0.005
0.788 0.194 0 0.005
0.788 0.515 0 0.005
0.788 0.578 0 0.005
0.788 0.935 0 0.005
0.789 0.318 0 0.005
0.789 0.371 0 0.005
0.789 0.494 0 0.005
0.789 0.702 0 0.005
0.789 0.77 0 0.005
0.79 0.353 0 0.005
0.791 0.18 0 0.005
0.791 0.909 0 0.005
0.792 0.165 0 0.005
0.793 0.553 0 0.005
0.793 0.84 0 0.005
0.794 0.73 0 0.005
0.794 0.873 0 0.005
0.795 0.011 0 0.005
0.795 0.143 0 0.005
0.795 0.463 0 0.005
0.795 0.523 0 0.005
0.795 0.634 0 0.005
0.796 0.567 0 0.005
0.796 0.861 0 0.005
0.796 0.989 0 0.005
0.795 0.0 0 0.005
0.797 0.24 0 0.005
0.797 0.679 0 0.005
0.798 0.092 0 0.005
0.798 0.272 0 0.005
0.798 0.542 0 0.005
0.798 0.782 0 0.005
0.798 0.941 0 0.005
0.799 0.133 0 0.005
0.799 0.405 0 0.005
0.799 0.884 0 0.005
0.799 0.956 0 0.005
0.802 0.045 0 0.005
0.802 0.769 0 0.005
0.802 0.906 0 0.005
0.803 0.391 0 0.005
0.804 0.355 0 0.005
0.804 0.709 0 0.005
0.805 0.116 0 0.005
0.805 0.196 0 0.005
0.805 0.514 0 0.005
0.806 0.297 0 0.005
0.806 0.377 0 0.005
0.806 0.445 0 0.005
0.806 0.47 0 0.005
0.806 0.79 0 0.005
0.807 0.735 0 0.005
0.808 0.072 0 0.005
0.808 0.456 0 0.005
0.808 0.532 0 0.005
0.808 0.642 0 0.005
0.809 0.019 0 0.005
0.809 0.494 0 0.005
0.809 0.83 0 0.005
0.809 0.876 0 0.005
0.809 0.973 0 0.005
0.809 0.9972564102564103 0 0.005
0.81 0.144 0 0.005
0.81 0.335 0 0.005
0.811 0.007 0 0.005
0.811 0.097 0 0.005
0.811 0.323 0 0.005
0.811 0.572 0 0.005
0.811 0.719 0 0.005
0.811 0.925 0 0.005
0.812 0.589 0 0.005
0.813 0.812 0 0.005
0.814 0.165 0 0.005
0.814 0.622 0 0.005
0.815 0.91 0 0.005
0.815 0.96 0 0.005
0.816 0.045 0 0.005
0.816 0.063 0 0.005
0.816 0.362 0 0.005
0.816 0.372 0 0.005
0.816 0.418 0 0.005
0.816 0.521 0 0.005
0.816 0.844 0 0.005
0.817 0.267 0 0.005
0.817 0.866 0 0.005
0.818 0.109 0 0.005
0.818 0.228 0 0.005
0.818 0.401 0 0.005
0.818 0.649 0 0.005
0.818 0.785 0 0.005
0.819 0.014 0 0.005
0.819 0.174 0 0.005
0.819 0.33 0 0.005
0.819 0.611 0 0.005
0.819 0.768 0 0.005
0.82 0.133 0 0.005
0.82 0.598 0 0.005
0.821 0.119 0 0.005
0.821 0.291 0 0.005
0.821 0.881 0 0.005
0.822 0.155 0 0.005
0.822 0.488 0 0.005
0.822 0.892 0 0.005
0.823 0.801 0 0.005
0.824 0.279 0 0.005
0.825 0.44 0 0.005
0.825 0.676 0 0.005
0.825 0.731 0 0.005
0.825 0.932 0 0.005
0.825 0.947 0 0.005
0.826 0.04 0 0.005
0.826 0.395 0 0.005
0.826 0.9967708333333334 0 0.005
0.827 0.498 0 0.005
0.827 0.586 0 0.005
0.827 0.855 0 0.005
0.828 0.415 0 0.005
0.828 0.815 0 0.005
0.828 0.832 0 0.005
0.829 0.011 0 0.005
0.829 0.11 0 0.005
0.829 0.427 0 0.005
0.829 0.519 0 0.005
0.829 0.972 0 0.005
0.83 0.255 0 0.005
0.83 0.325 0 0.005
0.83 0.761 0 0.005
0.83 0.906 0 0.005
0.831 0.126 0 0.005
0.831 0.269 0 0.005
0.831 0.357 0 0.005
0.832 0.604 0 0.005
0.833 0.801 0 0.005
0.834 0.48 0 0.005
0.834 0.548 0 0.005
0.834 0.686 0 0.005
0.834 0.719 0 0.005
0.835 0.025 0 0.005
0.835 0.446 0 0.005
0.835 0.566 0 0.005
0.835 0.845 0 0.005
0.836 0.646 0 0.005
0.836 0.731 0 0.005
0.836 0.88 0 0.005
0.837 0.158 0 0.005
0.837 0.924 0 0.005
0.838 0.168 0 0.005
0.838 0.192 0 0.005
0.838 0.414 0 0.005
0.838 0.94 0 0.005
0.839 0.0022291666666666666 0 0.005
0.839 0.457 0 0.005
0.839 0.585 0 0.005
0.84 0.302 0 0.005
0.84 0.671 0 0.005
0.84 0.835 0 0.005
0.84 0.858 0 0.005
0.842 0.348 0 0.005
0.843 0.096 0 0.005
0.843 0.124 0 0.005
0.844 0.203 0 0.005
0.844 0.48 0 0.005
0.845 0.689 0 0.005
0.846 0.617 0 0.005
0.846 0.753 0 0.005
0.846 0.795 0 0.005
0.847 0.155 0 0.005
0.847 0.4 0 0.005
0.847 0.524 0 0.005
0.847 0.655 0 0.005
0.847 0.742 0 0.005
0.848 0.175 0 0.005
0.848 0.881 0 0.005
0.849 0.059 0 0.005
0.849 0.534 0 0.005
0.849 0.632 0 0.005
0.849 0.938 0 0.005
0.85 0.025 0 0.005
0.85 0.035 0 0.005
0.85 0.232 0 0.005
0.85 0.468 0 0.005
0.85 0.914 0 0.005
0.851 0.07 0 0.005
0.851 0.589 0 0.005
0.851 0.967 0 0.005
0.852 0.215 0 0.005
0.852 0.292 0 0.005
0.852 0.722 0 0.005
0.853 0.34 0 0.005
0.853 0.822 0 0.005
0.853 0.869 0 0.005
0.854 0.27 0 0.005
0.854 0.572 0 0.005
0.855 0.161 0 0.005
0.855 0.712 0 0.005
0.856 0.05 0 0.005
0.856 0.122 0 0.005
0.856 0.311 0 0.005
0.856 0.357 0 0.005
0.856 0.613 0 0.005
0.856 0.804 0 0.005
0.857 0.098 0 0.005
0.858 0.008 0 0.005
0.858 0.202 0 0.005
0.858 0.845 0 0.005
0.859 0.773 0 0.005
0.86 0.478 0 0.005
0.86 0.684 0 0.005
0.86 0.912 0 0.005
0.861 0.529 0 0.005
0.861 0.654 0 0.005
0.862 0.238 0 0.005
0.862 0.391 0 0.005
0.862 0.744 0 0.005
0.863 0.508 0 0.005
0.864 0.114 0 0.005
0.865 0.178 0 0.005
0.865 0.761 0 0.005
0.865 0.995 0 0.005
0.866 0.339 0 0.005
0.866 0.726 0 0.005
0.866 0.786 0 0.005
0.867 0.45 0 0.005
0.867 0.598 0 0.005
0.867 0.876 0 0.005
0.867 0.938 0 0.005
0.868 0.552 0 0.005
0.868 0.898 0 0.005
0.869 0.018 0 0.005
0.869 0.251 0 0.005
0.869 0.286 0 0.005
0.869 0.632 0 0.005
0.87 0.029 0 0.005
0.871 0.267 0 0.005
0.871 0.466 0 0.005
0.871 0.825 0 0.005
0.871 0.859 0 0.005
0.872 0.21 0 0.005
0.872 0.712 0 0.005
0.873 0.541 0 0.005
0.874 0.404 0 0.005
0.875 0.005 0 0.005
0.875 0.641 0 0.005
0.875 0.812 0 0.005
0.876 0.456 0 0.005
0.876 0.981 0 0.005
0.877 0.18 0 0.005
0.877 0.365 0 0.005
0.877 0.53 0 0.005
0.877 0.888 0 0.005
0.877 0.952 0 0.005
0.878 0.425 0 0.005
0.878 0.901 0 0.005
0.879 0.062 0 0.005
0.879 0.154 0 0.005
0.879 0.767 0 0.005
0.879 0.785 0 0.005
0.877 0.999 0 0.005
0.88 0.244 0 0.005
0.881 0.137 0 0.005
0.881 0.273 0 0.005
0.881 0.335 0 0.005
0.881 0.349 0 0.005
0.881 0.492 0 0.005
0.881 0.577 0 0.005
0.881 0.939 0 0.005
0.881 0.993 0 0.005
0.882 0.411 0 0.005
0.884 0.32 0 0.005
0.884 0.389 0 0.005
0.884 0.508 0 0.005
0.884 0.918 0 0.005
0.885 0.539 0 0.005
0.885 0.602 0 0.005
0.885 0.748 0 0.005
0.885 0.975 0 0.005
0.886 0.124 0 0.005
0.886 0.229 0 0.005
0.886 0.717 0 0.005
0.887 0.47 0 0.005
0.887 0.625 0 0.005
0.887 0.813 0 0.005
0.888 0.054 0 0.005
0.888 0.309 0 0.005
0.888 0.588 0 0.005
0.889 0.068 0 0.005
0.889 0.18 0 0.005
0.89 0.142 0 0.005
0.89 0.612 0 0.005
0.89 0.88 0 0.005
0.891 0.0012666666666666666 0 0.005
0.891 0.08 0 0.005
0.891 0.193 0 0.005
0.891 0.366 0 0.005
0.891 0.762 0 0.005
0.891 0.939 0 0.005
0.892 0.483 0 0.005
0.892 0.656 0 0.005
0.892 0.785 0 0.005
0.892 0.962 0 0.005
0.893 0.29 0 0.005
0.893 0.802 0 0.005
0.893 0.87 0 0.005
0.893 0.995 0 0.005
0.894 0.02 0 0.005
0.895 0.031 0 0.005
0.895 0.045 0 0.005
0.895 0.437 0 0.005
0.895 0.736 0 0.005
0.896 0.096 0 0.005
0.896 0.155 0 0.005
0.896 0.353 0 0.005
0.896 0.702 0 0.005
0.897 0.624 0 0.005
0.897 0.716 0 0.005
0.898 0.574 0 0.005
0.898 0.683 0 0.005
0.899 0.516 0 0.005
0.899 0.822 0 0.005
0.9 0.106 0 0.005
0.9 0.404 0 0.005
0.9 0.926 0 0.005
0.901 0.445 0 0.005
0.901 0.649 0 0.005
0.901 0.945 0 0.005
0.902 0.189 0 0.005
0.902 0.46 0 0.005
0.902 0.883 0 0.005
0.902 0.979 0 0.005
0.903 0.142 0 0.005
0.903 0.291 0 0.005
0.903 0.584 0 0.005
0.905 0.064 0 0.005
0.905 0.495 0 0.005
0.905 0.84 0 0.005
0.906 0.026 0 0.005
0.906 0.21 0 0.005
0.906 0.23 0 0.005
0.906 0.323 0 0.005
0.906 0.954 0 0.005
0.907 0.749 0 0.005
0.907 0.858 0 0.005
0.908 0.279 0 0.005
0.908 0.352 0 0.005
0.908 0.372 0 0.005
0.908 0.772 0 0.005
0.909 0.24 0 0.005
0.909 0.538 0 0.005
0.909 0.802 0 0.005
0.91 0.76 0 0.005
0.91 0.869 0 0.005
0.911 0.442 0 0.005
0.912 0.603 0 0.005
0.912 0.639 0 0.005
0.913 0.125 0 0.005
0.913 0.304 0 0.005
0.913 0.314 0 0.005
0.913 0.741 0 0.005
0.913 0.916 0 0.005
0.913 0.963 0 0.005
0.914 0.014 0 0.005
0.914 0.249 0 0.005
0.914 0.422 0 0.005
0.914 0.681 0 0.005
0.916 0.043 0 0.005
0.916 0.33 0 0.005
0.916 0.456 0 0.005
0.916 0.828 0 0.005
0.917 0.0033125 0 0.005
0.917 0.926 0 0.005
0.918 0.581 0 0.005
0.919 0.286 0 0.005
0.919 0.511 0 0.005
0.919 0.627 0 0.005
0.919 0.647 0 0.005
0.919 0.881 0 0.005
0.92 0.543 0 0.005
0.92 0.697 0 0.005
0.92 0.773 0 0.005
0.92 0.792 0 0.005
0.921 0.151 0 0.005
0.921 0.47 0 0.005
0.922 0.527 0 0.005
0.922 0.972 0 0.005
0.923 0.068 0 0.005
0.923 0.377 0 0.005
0.924 0.365 0 0.005
0.925 0.805 0 0.005
0.926 0.1 0 0.005
0.926 0.391 0 0.005
0.926 0.491 0 0.005
0.926 0.573 0 0.005
0.926 0.655 0 0.005
0.926 0.751 0 0.005
0.926 0.92 0 0.005
0.927 0.306 0 0.005
0.927 0.419 0 0.005
0.927 0.729 0 0.005
0.928 0.219 0 0.005
0.928 0.448 0 0.005
0.928 0.948 0 0.005
0.929 0.016 0 0.005
0.929 0.077 0 0.005
0.929 0.187 0 0.005
0.929 0.239 0 0.005
0.929 0.71 0 0.005
0.93 0.277 0 0.005
0.932 0.522 0 0.005
0.933 0.055 0 0.005
0.933 0.316 0 0.005
0.933 0.499 0 0.005
0.933 0.796 0 0.005
0.934 0.044 0 0.005
0.934 0.208 0 0.005
0.935 0.264 0 0.005
0.935 0.601 0 0.005
0.936 0.396 0 0.005
0.936 0.541 0 0.005
0.936 0.652 0 0.005
0.936 0.763 0 0.005
0.938 0.0012666666666666666 0 0.005
0.938 0.1 0 0.005
0.938 0.136 0 0.005
0.938 0.748 0 0.005
0.938 0.779 0 0.005
0.938 0.838 0 0.005
0.938 0.925 0 0.005
0.939 0.196 0 0.005
0.939 0.247 0 0.005
0.939 0.359 0 0.005
0.94 0.226 0 0.005
0.941 0.123 0 0.005
0.941 0.489 0 0.005
0.941 0.68 0 0.005
0.942 0.166 0 0.005
0.942 0.564 0 0.005
0.942 0.812 0 0.005
0.943 0.237 0 0.005
0.943 0.369 0 0.005
0.944 0.405 0 0.005
0.945 0.066 0 0.005
0.945 0.083 0 0.005
0.945 0.534 0 0.005
0.945 0.662 0 0.005
0.945 0.884 0 0.005
0.946 0.016 0 0.005
0.946 0.281 0 0.005
0.946 0.306 0 0.005
0.947 0.51 0 0.005
0.947 0.551 0 0.005
0.948 0.739 0 0.005
0.949 0.208 0 0.005
0.95 0.101 0 0.005
0.95 0.293 0 0.005
0.95 0.72 0 0.005
0.95 0.758 0 0.005
0.951 0.934 0 0.005
0.952 0.358 0 0.005
0.952 0.524 0 0.005
0.953 0.132 0 0.005
0.953 0.251 0 0.005
0.953 0.371 0 0.005
0.953 0.872 0 0.005
0.953 0.954 0 0.005
0.953 0.977 0 0.005
0.954 0.654 0 0.005
0.955 0.436 0 0.005
0.955 0.539 0 0.005
0.955 0.773 0 0.005
0.955 0.824 0 0.005
0.956 0.092 0 0.005
0.956 0.116 0 0.005
0.956 0.596 0 0.005
0.956 0.671 0 0.005
0.957 0.186 0 0.005
0.957 0.318 0 0.005
0.957 0.492 0 0.005
0.957 0.641 0 0.005
0.958 0.064 0 0.005
0.958 0.082 0 0.005
0.958 0.616 0 0.005
0.958 0.987 0 0.005
0.959 0.028 0 0.005
0.959 0.502 0 0.005
0.959 0.996280701754386 0 0.005
0.96 0.689 0 0.005
0.96 0.904 0 0.005
0.96 0.917 0 0.005
0.961 0.22 0 0.005
0.961 0.399 0 0.005
0.961 0.971 0 0.005
0.962 0.345 0 0.005
0.962 0.564 0 0.005
0.963 0.389 0 0.005
0.963 0.801 0 0.005
0.964 0.039 0 0.005
0.964 0.308 0 0.005
0.964 0.785 0 0.005
0.965 0.139 0 0.005
0.965 0.878 0 0.005
0.965 0.929 0 0.005
0.966 0.234 0 0.005
0.966 0.247 0 0.005
0.966 0.668 0 0.005
0.966 0.949 0 0.005
0.968 0.296 0 0.005
0.968 0.452 0 0.005
0.968 0.474 0 0.005
0.968 0.486 0 0.005
0.968 0.732 0 0.005
0.969 0.646 0 0.005
0.969 0.715 0 0.005
0.97 0.062 0 0.005
0.97 0.826 0 0.005
0.971 0.122 0 0.005
0.971 0.508 0 0.005
0.971 0.571 0 0.005
0.972 0.024 0 0.005
0.972 0.796 0 0.005
0.973 0.431 0 0.005
0.972 0.0 0 0.005
0.974 0.181 0 0.005
0.974 0.225 0 0.005
0.974 0.741 0 0.005
0.974 0.966 0 0.005
0.975 0.146 0 0.005
0.975 0.271 0 0.005
0.975 0.307 0 0.005
0.976 0.039 0 0.005
0.976 0.369 0 0.005
0.976 0.838 0 0.005
0.976 0.955 0 0.005
0.976 0.98 0 0.005
0.977 0.256 0 0.005
0.977 0.615 0 0.005
0.977 0.862 0 0.005
0.978 0.004 0 0.005
0.978 0.357 0 0.005
0.978 0.726 0 0.005
0.979 0.392 0 0.005
0.979 0.582 0 0.005
0.979 0.849 0 0.005
0.98 0.331 0 0.005
0.98 0.816 0 0.005
0.981 0.091 0 0.005
0.981 0.639 0 0.005
0.982 0.893 0 0.005
0.983 0.218 0 0.005
0.983 0.552 0 0.005
0.983 0.68 0 0.005
0.984 0.382 0 0.005
0.984 0.916 0 0.005
0.985 0.149 0 0.005
0.985 0.305 0 0.005
0.985 0.45 0 0.005
0.985 0.735 0 0.005
0.985 0.784 0 0.005
0.986 0.491 0 0.005
0.987 0.431 0 0.005
0.987 0.87 0 0.005
0.988 0.162 0 0.005
0.988 0.246 0 0.005
0.989 0.852 0 0.005
0.99 0.229 0 0.005
0.99 0.576 0 0.005
0.99 0.94 0 0.005
0.991 0.507 0 0.005
0.991 0.766 0 0.005
0.991 0.959 0 0.005
0.992 0.097 0 0.005
0.992 0.408 0 0.005
0.993 0.072 0 0.005
0.993 0.217 0 0.005
0.993 0.458 0 0.005
0.994 0.419 0 0.005
0.995 0.294 0 0.005
0.995 0.803 0 0.005
0.995 0.835 0 0.005
0.995 0.984 0 0.005
0.9956875 0.176 0 0.005
0.9956875 0.206 0 0.005
0.9956875 0.565 0 0.005
0.996280701754386 0.591 0 0.005
0.996280701754386 0.601 0 0.005
0.9972564102564103 0.336 0 0.005
0.9977333333333334 0.121 0 0.005
0.9977333333333334 0.448 0 0.005
0.9977333333333334 0.752 0 0.005
0.9977333333333334 0.857 0 0.005
0.9977333333333334 0.872 0 0.005
0.9977333333333334 0.884 0 0.005
0.9977333333333334 0.964 0 0.005
0.9981904761904762 0.084 0 0.005
0.9981904761904762 0.186 0 0.005
0.9981904761904762 0.321 0 0.005
0.9981904761904762 0.357 0 0.005
0.9981904761904762 0.612 0 0.005
0.9981904761904762 0.634 0 0.005
0.9981904761904762 0.946 0 0.005
0.9985833333333334 0.279 0 0.005
0.9985833333333334 0.388 0 0.005
0.9985833333333334 0.494 0 0.005
0.999 0.649 0 0.005
0.999 0.677 0 0.005
