0.0 0.031 0 0.005
0.004 0.064 0 0.005
0.0022291666666666666 0.107 0 0.005
0.0004166666666666667 0.159 0 0.005
0.0017435897435897436 0.216 0 0.005
0.0 0.434 0 0.005
0.0008095238095238096 0.452 0 0.005
0.0022291666666666666 0.483 0 0.005
0.0012666666666666666 0.551 0 0.005
0.0012666666666666666 0.675 0 0.005
0.0012666666666666666 0.845 0 0.005
0.0017435897435897436 0.885 0 0.005
0.005 0.231 0 0.005
0.006 0.135 0 0.005
0.006 0.445 0 0.005
0.007 0.568 0 0.005
0.008 0.71 0 0.005
0.008 0.954 0 0.005
0.009 0.39 0 0.005
0.009 0.795 0 0.005
0.009 0.828 0 0.005
0.01 0.762 0 0.005
0.011 0.076 0 0.005
0.011 0.324 0 0.005
0.011 0.432 0 0.005
0.011 0.738 0 0.005
0.014 0.032 0 0.005
0.014 0.35 0 0.005
0.016 0.144 0 0.005
0.016 0.225 0 0.005
0.016 0.543 0 0.005
0.017 0.582 0 0.005
0.017 0.661 0 0.005
0.018 0.482 0 0.005
0.018 0.647 0 0.005
0.018 0.88 0 0.005
0.019 0.631 0 0.005
0.02 0.26 0 0.005
0.02 0.848 0 0.005
0.022 0.038 0 0.005
0.023 0.413 0 0.005
0.023 0.45 0 0.005
0.024 0.212 0 0.005
0.024 0.429 0 0.005
0.025 0.279 0 0.005
0.026 0.554 0 0.005
0.027 0.318 0 0.005
0.027 0.69 0 0.005
0.027 0.904 0 0.005
0.028 0.179 0 0.005
0.028 0.521 0 0.005
0.028 0.655 0 0.005
0.03 0.012 0 0.005
0.03 0.716 0 0.005
0.03 0.961 0 0.005
0.031 0.35 0 0.005
0.031 0.775 0 0.005
0.032 0.206 0 0.005
0.032 0.739 0 0.005
0.033 0.843 0 0.005
0.036 0.448 0 0.005
0.037 0.921 0 0.005
0.038 0.002719298245614035 0 0.005
0.038 0.096 0 0.005
0.038 0.587 0 0.005
0.038 0.974 0 0.005
0.039 0.058 0 0.005
0.039 0.379 0 0.005
0.039 0.785 0 0.005
0.043 0.428 0 0.005
0.044 0.356 0 0.005
0.044 0.705 0 0.005
0.045 0.927 0 0.005
0.046 0.469 0 0.005
0.047 0.052 0 0.005
0.047 0.823 0 0.005
0.047 0.9977333333333334 0 0.005
0.049 0.03 0 0.005
0.049 0.666 0 0.005
0.05 0.201 0 0.005
0.05 0.79 0 0.005
0.05 0.861 0 0.005
0.051 0.381 0 0.005
0.052 0.497 0 0.005
0.052 0.579 0 0.005
0.053 0.182 0 0.005
0.054 0.021 0 0.005
0.054 0.442 0 0.005
0.055 0.481 0 0.005
0.055 0.766 0 0.005
0.056 0.832 0 0.005
0.057 0.427 0 0.005
0.057 0.949 0 0.005
0.057 0.995 0 0.005
0.058 0.09 0 0.005
0.059 0.466 0 0.005
0.059 0.732 0 0.005
0.06 0.355 0 0.005
0.062 0.453 0 0.005
0.063 0.026 0 0.005
0.063 0.162 0 0.005
0.063 0.91 0 0.005
0.065 0.31 0 0.005
0.065 0.418 0 0.005
0.065 0.941 0 0.005
0.066 0.042 0 0.005
0.066 0.705 0 0.005
0.067 0.21 0 0.005
0.067 0.624 0 0.005
0.068 0.666 0 0.005
0.068 0.799 0 0.005
0.068 0.831 0 0.005
0.07 0.521 0 0.005
0.07 0.817 0 0.005
0.072 0.067 0 0.005
0.072 0.271 0 0.005
0.072 0.581 0 0.005
0.073 0.0033125 0 0.005
0.073 0.111 0 0.005
0.074 0.85 0 0.005
0.075 0.983 0 0.005
0.076 0.182 0 0.005
0.076 0.283 0 0.005
0.076 0.422 0 0.005
0.077 0.435 0 0.005
0.078 0.363 0 0.005
0.08 0.591 0 0.005
0.08 0.667 0 0.005
0.081 0.149 0 0.005
0.081 0.227 0 0.005
0.082 0.029 0 0.005
0.082 0.734 0 0.005
0.082 0.819 0 0.005
0.083 0.253 0 0.005
0.083 0.779 0 0.005
0.085 0.829 0 0.005
0.085 0.945 0 0.005
0.086 0.474 0 0.005
0.087 0.551 0 0.005
0.088 0.166 0 0.005
0.09 0.855 0 0.005
0.091 0.413 0 0.005
0.092 0.327 0 0.005
0.092 0.36 0 0.005
0.092 0.657 0 0.005
0.093 0.35 0 0.005
0.093 0.452 0 0.005
0.093 0.797 0 0.005
0.095 0.059 0 0.005
0.095 0.183 0 0.005
0.097 0.222 0 0.005
0.097 0.437 0 0.005
0.098 0.232 0 0.005
0.098 0.728 0 0.005
0.099 0.523 0 0.005
0.099 0.787 0 0.005
0.101 0.755 0 0.005
0.102 0.311 0 0.005
0.102 0.814 0 0.005
0.103 0.0022291666666666666 0 0.005
0.103 0.542 0 0.005
0.103 0.628 0 0.005
0.106 0.566 0 0.005
0.107 0.082 0 0.005
0.107 0.13 0 0.005
0.109 0.375 0 0.005
0.109 0.734 0 0.005
0.109 0.801 0 0.005
0.11 0.172 0 0.005
0.111 0.4 0 0.005
0.111 0.418 0 0.005
0.112 0.23 0 0.005
0.112 0.645 0 0.005
0.113 0.004 0 0.005
0.114 0.679 0 0.005
0.115 0.315 0 0.005
0.117 0.249 0 0.005
0.118 0.714 0 0.005
0.12 0.064 0 0.005
0.12 0.122 0 0.005
0.12 0.279 0 0.005
0.12 0.9 0 0.005
0.121 0.772 0 0.005
0.122 0.138 0 0.005
0.122 0.494 0 0.005
0.122 0.621 0 0.005
0.122 0.929 0 0.005
0.123 0.806 0 0.005
0.124 0.235 0 0.005
0.124 0.951 0 0.005
0.128 0.162 0 0.005
0.128 0.463 0 0.005
0.129 0.147 0 0.005
0.129 0.371 0 0.005
0.129 0.557 0 0.005
0.129 0.886 0 0.005
0.13 0.277 0 0.005
0.132 0.197 0 0.005
0.132 0.216 0 0.005
0.132 0.45 0 0.005
0.132 0.577 0 0.005
0.133 0.72 0 0.005
0.134 0.24 0 0.005
0.134 0.534 0 0.005
0.135 0.291 0 0.005
0.136 0.852 0 0.005
0.137 0.779 0 0.005
0.138 0.591 0 0.005
0.139 0.834 0 0.005
0.139 0.864 0 0.005
0.141 0.744 0 0.005
0.142 0.014 0 0.005
0.142 0.349 0 0.005
0.142 0.467 0 0.005
0.143 0.026 0 0.005
0.144 0.328 0 0.005
0.144 0.929 0 0.005
0.145 0.367 0 0.005
0.146 0.192 0 0.005
0.148 0.599 0 0.005
0.149 0.098 0 0.005
0.149 0.173 0 0.005
0.15 0.062 0 0.005
0.15 0.855 0 0.005
0.151 0.135 0 0.005
0.152 0.281 0 0.005
0.152 0.937 0 0.005
0.154 0.672 0 0.005
0.154 0.992 0 0.005
0.157 0.527 0 0.005
0.16 0.647 0 0.005
0.16 0.838 0 0.005
0.16 0.984 0 0.005
0.161 0.065 0 0.005
0.161 0.468 0 0.005
0.161 0.615 0 0.005
0.162 0.323 0 0.005
0.162 0.545 0 0.005
0.163 0.0033125 0 0.005
0.163 0.09 0 0.005
0.163 0.757 0 0.005
0.165 0.155 0 0.005
0.165 0.358 0 0.005
0.165 0.718 0 0.005
0.166 0.707 0 0.005
0.166 0.944 0 0.005
0.167 0.219 0 0.005
0.167 0.847 0 0.005
0.168 0.08 0 0.005
0.168 0.581 0 0.005
0.169 0.74 0 0.005
0.169 0.898 0 0.005
0.171 0.042 0 0.005
0.171 0.127 0 0.005
0.172 0.184 0 0.005
0.172 0.376 0 0.005
0.172 0.402 0 0.005
0.172 0.633 0 0.005
0.175 0.299 0 0.005
0.175 0.496 0 0.005
0.176 0.243 0 0.005
0.176 0.644 0 0.005
0.176 0.774 0 0.005
0.178 0.053 0 0.005
0.178 0.364 0 0.005
0.178 0.423 0 0.005
0.178 0.484 0 0.005
0.179 0.729 0 0.005
0.181 0.452 0 0.005
0.181 0.543 0 0.005
0.183 0.38 0 0.005
0.184 0.313 0 0.005
0.184 0.889 0 0.005
0.184 0.954 0 0.005
0.185 0.253 0 0.005
0.187 0.047 0 0.005
0.187 0.187 0 0.005
0.187 0.844 0 0.005
0.188 0.424 0 0.005
0.188 0.924 0 0.005
0.189 0.705 0 0.005
0.19 0.102 0 0.005
0.19 0.72 0 0.005
0.191 0.032 0 0.005
0.192 0.772 0 0.005
0.193 0.075 0 0.005
0.194 0.591 0 0.005
0.194 0.673 0 0.005
0.195 0.99 0 0.005
0.196 0.822 0 0.005
0.196 0.9977333333333334 0 0.005
0.198 0.176 0 0.005
0.198 0.86 0 0.005
0.199 0.067 0 0.005
0.199 0.954 0 0.005
0.202 0.0017435897435897436 0 0.005
0.202 0.373 0 0.005
0.202 0.537 0 0.005
0.203 0.789 0 0.005
0.204 0.588 0 0.005
0.205 0.339 0 0.005
0.206 0.983 0 0.005
0.207 0.017 0 0.005
0.208 0.167 0 0.005
0.208 0.7 0 0.005
0.208 0.993 0 0.005
0.209 0.408 0 0.005
0.209 0.779 0 0.005
0.21 0.396 0 0.005
0.21 0.627 0 0.005
0.21 0.889 0 0.005
0.212 0.814 0 0.005
0.213 0.263 0 0.005
0.213 0.277 0 0.005
0.213 0.83 0 0.005
0.214 0.322 0 0.005
0.217 0.43 0 0.005
0.218 0.704 0 0.005
0.219 0.878 0 0.005
0.22 0.513 0 0.005
0.22 0.661 0 0.005
0.22 0.865 0 0.005
0.222 0.245 0 0.005
0.222 0.822 0 0.005
0.222 0.949 0 0.005
0.224 0.235 0 0.005
0.225 0.916 0 0.005
0.227 0.11 0 0.005
0.227 0.222 0 0.005
0.227 0.677 0 0.005
0.228 0.16 0 0.005
0.229 0.062 0 0.005
0.229 0.085 0 0.005
0.23 0.618 0 0.005
0.231 0.903 0 0.005
0.234 0.294 0 0.005
0.234 0.439 0 0.005
0.237 0.334 0 0.005
0.238 0.456 0 0.005
0.238 0.887 0 0.005
0.24 0.556 0 0.005
0.24 0.953 0 0.005
0.241 0.199 0 0.005
0.242 0.266 0 0.005
0.242 0.776 0 0.005
0.243 0.299 0 0.005
0.244 0.803 0 0.005
0.245 0.282 0 0.005
0.245 0.61 0 0.005
0.245 0.703 0 0.005
0.246 0.764 0 0.005
0.247 0.855 0 0.005
0.246 0.9985833333333334 0 0.005
0.25 0.256 0 0.005
0.25 0.392 0 0.005
0.25 0.579 0 0.005
0.252 0.352 0 0.005
0.252 0.777 0 0.005
0.253 0.012 0 0.005
0.253 0.632 0 0.005
0.254 0.601 0 0.005
0.255 0.229 0 0.005
0.255 0.51 0 0.005
0.255 0.739 0 0.005
0.256 0.707 0 0.005
0.256 0.718 0 0.005
0.257 0.442 0 0.005
0.258 0.379 0 0.005
0.258 0.965 0 0.005
0.259 0.478 0 0.005
0.26 0.294 0 0.005
0.26 0.534 0 0.005
0.26 0.666 0 0.005
0.261 0.842 0 0.005
0.261 0.923 0 0.005
0.262 0.616 0 0.005
0.262 0.805 0 0.005
0.263 0.101 0 0.005
0.264 0.184 0 0.005
0.264 0.26 0 0.005
0.267 0.656 0 0.005
0.268 0.08 0 0.005
0.268 0.09 0 0.005
0.268 0.546 0 0.005
0.268 0.934 0 0.005
0.269 0.165 0 0.005
0.27 0.176 0 0.005
0.27 0.222 0 0.005
0.27 0.591 0 0.005
0.273 0.752 0 0.005
0.275 0.059 0 0.005
0.275 0.27 0 0.005
0.275 0.301 0 0.005
0.276 0.123 0 0.005
0.277 0.528 0 0.005
0.277 0.678 0 0.005
0.277 0.848 0 0.005
0.277 0.897 0 0.005
0.278 0.581 0 0.005
0.279 0.252 0 0.005
0.279 0.942 0 0.005
0.28 0.689 0 0.005
0.282 0.867 0 0.005
0.283 0.009 0 0.005
0.283 0.163 0 0.005
0.285 0.467 0 0.005
0.285 0.962 0 0.005
0.286 0.188 0 0.005
0.286 0.3 0 0.005
0.287 0.702 0 0.005
0.288 0.087 0 0.005
0.288 0.853 0 0.005
0.289 0.025 0 0.005
0.29 0.072 0 0.005
0.291 0.287 0 0.005
0.291 0.993 0 0.005
0.292 0.058 0 0.005
0.292 0.517 0 0.005
0.292 0.722 0 0.005
0.292 0.873 0 0.005
0.293 0.459 0 0.005
0.294 0.93 0 0.005
0.295 0.196 0 0.005
0.296 0.562 0 0.005
0.296 0.888 0 0.005
0.297 0.944 0 0.005
0.298 0.641 0 0.005
0.298 0.864 0 0.005
0.299 0.026 0 0.005
0.3 0.335 0 0.005
0.3 0.807 0 0.005
0.3 0.902 0 0.005
0.301 0.542 0 0.005
0.301 0.748 0 0.005
0.302 0.084 0 0.005
0.302 0.229 0 0.005
0.302 0.376 0 0.005
0.302 0.446 0 0.005
0.303 0.213 0 0.005
0.303 0.306 0 0.005
0.303 0.835 0 0.005
0.304 0.0012666666666666666 0 0.005
0.305 0.394 0 0.005
0.305 0.659 0 0.005
0.306 0.125 0 0.005
0.307 0.736 0 0.005
0.309 0.566 0 0.005
0.31 0.496 0 0.005
0.311 0.05 0 0.005
0.311 0.485 0 0.005
0.312 0.241 0 0.005
0.312 0.342 0 0.005
0.313 0.251 0 0.005
0.313 0.533 0 0.005
0.313 0.673 0 0.005
0.314 0.083 0 0.005
0.314 0.304 0 0.005
0.315 0.695 0 0.005
0.316 0.899 0 0.005
0.318 0.583 0 0.005
0.318 0.736 0 0.005
0.321 0.418 0 0.005
0.322 0.556 0 0.005
0.322 0.719 0 0.005
0.322 0.761 0 0.005
0.323 0.451 0 0.005
0.323 0.878 0 0.005
0.326 0.059 0 0.005
0.326 0.49 0 0.005
0.327 0.8 0 0.005
0.329 0.216 0 0.005
0.33 0.081 0 0.005
0.33 0.246 0 0.005
0.33 0.357 0 0.005
0.33 0.9967708333333334 0 0.005
0.331 0.463 0 0.005
0.331 0.521 0 0.005
0.333 0.333 0 0.005
0.333 0.654 0 0.005
0.333 0.841 0 0.005
0.334 0.554 0 0.005
0.334 0.637 0 0.005
0.334 0.952 0 0.005
0.337 0.425 0 0.005
0.337 0.506 0 0.005
0.338 0.778 0 0.005
0.339 0.72 0 0.005
0.34 0.21 0 0.005
0.341 0.387 0 0.005
0.341 0.928 0 0.005
0.342 0.802 0 0.005
0.342 0.853 0 0.005
0.343 0.04 0 0.005
0.343 0.149 0 0.005
0.342 0.0 0 0.005
0.344 0.057 0 0.005
0.344 0.572 0 0.005
0.344 0.75 0 0.005
0.345 0.649 0 0.005
0.346 0.265 0 0.005
0.346 0.529 0 0.005
0.346 0.953 0 0.005
0.347 0.288 0 0.005
0.349 0.095 0 0.005
0.349 0.223 0 0.005
0.349 0.45 0 0.005
0.35 0.333 0 0.005
0.351 0.176 0 0.005
0.351 0.188 0 0.005
0.354 0.12 0 0.005
0.354 0.419 0 0.005
0.354 0.815 0 0.005
0.355 0.042 0 0.005
0.355 0.561 0 0.005
0.356 0.362 0 0.005
0.356 0.597 0 0.005
0.359 0.289 0 0.005
0.359 0.665 0 0.005
0.359 0.924 0 0.005
0.36 0.482 0 0.005
0.361 0.312 0 0.005
0.362 0.429 0 0.005
0.362 0.728 0 0.005
0.364 0.992 0 0.005
0.365 0.46 0 0.005
0.365 0.861 0 0.005
0.365 0.899 0 0.005
0.366 0.243 0 0.005
0.366 0.276 0 0.005
0.366 0.418 0 0.005
0.366 0.825 0 0.005
0.367 0.109 0 0.005
0.367 0.507 0 0.005
0.368 0.017 0 0.005
0.368 0.706 0 0.005
0.368 0.765 0 0.005
0.368 0.966 0 0.005
0.369 0.294 0 0.005
0.369 0.398 0 0.005
0.369 0.921 0 0.005
0.37 0.379 0 0.005
0.371 0.696 0 0.005
0.373 0.664 0 0.005
0.374 0.249 0 0.005
0.374 0.638 0 0.005
0.375 0.752 0 0.005
0.375 0.933 0 0.005
0.378 0.589 0 0.005
0.379 0.071 0 0.005
0.379 0.094 0 0.005
0.379 0.556 0 0.005
0.38 0.386 0 0.005
0.38 0.979 0 0.005
0.381 0.01 0 0.005
0.381 0.122 0 0.005
0.381 0.845 0 0.005
0.382 0.056 0 0.005
0.382 0.461 0 0.005
0.382 0.888 0 0.005
0.384 0.285 0 0.005
0.384 0.336 0 0.005
0.384 0.435 0 0.005
0.384 0.694 0 0.005
0.384 0.825 0 0.005
0.386 0.042 0 0.005
0.386 0.732 0 0.005
0.386 0.803 0 0.005
0.386 0.86 0 0.005
0.388 0.79 0 0.005
0.389 0.409 0 0.005
0.391 0.065 0 0.005
0.391 0.312 0 0.005
0.392 0.685 0 0.005
0.394 0.125 0 0.005
0.394 0.648 0 0.005
0.395 0.194 0 0.005
0.395 0.485 0 0.005
0.396 0.143 0 0.005
0.397 0.35 0 0.005
0.398 0.036 0 0.005
0.398 0.208 0 0.005
0.399 0.585 0 0.005
0.399 0.92 0 0.005
0.4 0.855 0 0.005
0.4 0.9 0 0.005
0.4 0.994 0 0.005
0.401 0.378 0 0.005
0.401 0.715 0 0.005
0.402 0.3 0 0.005
0.403 0.018 0 0.005
0.403 0.564 0 0.005
0.403 0.817 0 0.005
0.404 0.332 0 0.005
0.404 0.73 0 0.005
0.406 0.458 0 0.005
0.406 0.701 0 0.005
0.406 0.838 0 0.005
0.407 0.938 0 0.005
0.408 0.475 0 0.005
0.408 0.807 0 0.005
0.41 0.855 0 0.005
0.412 0.155 0 0.005
0.412 0.422 0 0.005
0.413 0.265 0 0.005
0.413 0.674 0 0.005
0.414 0.014 0 0.005
0.414 0.165 0 0.005
0.415 0.822 0 0.005
0.415 0.892 0 0.005
0.417 0.703 0 0.005
0.418 0.405 0 0.005
0.419 0.505 0 0.005
0.421 0.191 0 0.005
0.422 0.137 0 0.005
0.422 0.516 0 0.005
0.422 0.93 0 0.005
0.422 0.996280701754386 0 0.005
0.423 0.1 0 0.005
0.423 0.47 0 0.005
0.424 0.548 0 0.005
0.424 0.56 0 0.005
0.424 0.59 0 0.005
0.425 0.329 0 0.005
0.425 0.603 0 0.005
0.426 0.488 0 0.005
0.426 0.846 0 0.005
0.426 0.902 0 0.005
0.427 0.343 0 0.005
0.427 0.648 0 0.005
0.428 0.691 0 0.005
0.43 0.674 0 0.005
0.43 0.807 0 0.005
0.432 0.162 0 0.005
0.434 0.025 0 0.005
0.434 0.065 0 0.005
0.434 0.861 0 0.005
0.436 0.92 0 0.005
0.438 0.121 0 0.005
0.438 0.306 0 0.005
0.44 0.337 0 0.005
0.44 0.406 0 0.005
0.44 0.701 0 0.005
0.442 0.534 0 0.005
0.442 0.968 0 0.005
0.443 0.056 0 0.005
0.443 0.197 0 0.005
0.443 0.27 0 0.005
0.444 0.298 0 0.005
0.444 0.518 0 0.005
0.445 0.681 0 0.005
0.446 0.565 0 0.005
0.447 0.656 0 0.005
0.448 0.076 0 0.005
0.448 0.142 0 0.005
0.449 0.156 0 0.005
0.45 0.379 0 0.005
0.452 0.002719298245614035 0 0.005
0.452 0.629 0 0.005
0.457 0.742 0 0.005
0.458 0.195 0 0.005
0.459 0.354 0 0.005
0.46 0.121 0 0.005
0.461 0.054 0 0.005
0.461 0.103 0 0.005
0.461 0.259 0 0.005
0.461 0.653 0 0.005
0.464 0.451 0 0.005
0.464 0.962 0 0.005
0.465 0.242 0 0.005
0.465 0.277 0 0.005
0.465 0.406 0 0.005
0.465 0.914 0 0.005
0.466 0.012 0 0.005
0.466 0.86 0 0.005
0.467 0.466 0 0.005
0.468 0.499 0 0.005
0.468 0.811 0 0.005
0.469 0.309 0 0.005
0.469 0.529 0 0.005
0.472 0.32 0 0.005
0.472 0.647 0 0.005
0.472 0.971 0 0.005
0.473 0.049 0 0.005
0.474 0.139 0 0.005
0.474 0.475 0 0.005
0.475 0.033 0 0.005
0.475 0.544 0 0.005
0.476 0.293 0 0.005
0.476 0.751 0 0.005
0.476 0.907 0 0.005
0.477 0.712 0 0.005
0.477 0.85 0 0.005
0.478 0.2 0 0.005
0.478 0.28 0 0.005
0.478 0.454 0 0.005
0.478 0.95 0 0.005
0.479 0.865 0 0.005
0.481 0.398 0 0.005
0.481 0.89 0 0.005
0.482 0.385 0 0.005
0.482 0.513 0 0.005
0.484 0.627 0 0.005
0.485 0.139 0 0.005
0.485 0.269 0 0.005
0.485 0.744 0 0.005
0.486 0.038 0 0.005
0.486 0.35 0 0.005
0.487 0.16 0 0.005
0.487 0.956 0 0.005
0.489 0.075 0 0.005
0.489 0.884 0 0.005
0.491 0.542 0 0.005
0.492 0.451 0 0.005
0.492 0.919 0 0.005
0.493 0.9 0 0.005
0.494 0.103 0 0.005
0.495 0.0022291666666666666 0 0.005
0.495 0.064 0 0.005
0.495 0.282 0 0.005
0.496 0.297 0 0.005
0.496 0.799 0 0.005
0.496 0.814 0 0.005
0.497 0.134 0 0.005
0.497 0.988 0 0.005
0.5 0.021 0 0.005
0.5 0.093 0 0.005
0.5 0.507 0 0.005
0.501 0.55 0 0.005
0.501 0.859 0 0.005
0.502 0.495 0 0.005
0.502 0.752 0 0.005
0.503 0.215 0 0.005
0.503 0.786 0 0.005
0.504 0.842 0 0.005
0.506 0.066 0 0.005
0.506 0.385 0 0.005
0.506 0.663 0 0.005
0.506 0.904 0 0.005
0.51 0.344 0 0.005
0.51 0.582 0 0.005
0.511 0.146 0 0.005
0.511 0.368 0 0.005
0.511 0.485 0 0.005
0.512 0.458 0 0.005
0.513 0.654 0 0.005
0.513 0.744 0 0.005
0.513 0.774 0 0.005
0.514 0.472 0 0.005
0.515 0.852 0 0.005
0.516 0.864 0 0.005
0.517 0.057 0 0.005
0.517 0.11 0 0.005
0.517 0.125 0 0.005
0.517 0.545 0 0.005
0.517 0.643 0 0.005
0.517 0.668 0 0.005
0.518 0.795 0 0.005
0.519 0.759 0 0.005
0.52 0.068 0 0.005
0.52 0.678 0 0.005
0.522 0.39 0 0.005
0.523 0.025 0 0.005
0.524 0.374 0 0.005
0.524 0.828 0 0.005
0.525 0.037 0 0.005
0.525 0.238 0 0.005
0.526 0.281 0 0.005
0.527 0.773 0 0.005
0.527 0.845 0 0.005
0.527 0.883 0 0.005
0.528 0.565 0 0.005
0.528 0.639 0 0.005
0.53 0.21 0 0.005
0.531 0.897 0 0.005
0.532 0.516 0 0.005
0.532 0.804 0 0.005
0.533 0.381 0 0.005
0.534 0.011 0 0.005
0.534 0.147 0 0.005
0.534 0.686 0 0.005
0.534 0.953 0 0.005
0.537 0.454 0 0.005
0.538 0.083 0 0.005
0.538 0.327 0 0.005
0.538 0.547 0 0.005
0.54 0.393 0 0.005
0.54 0.536 0 0.005
0.54 0.609 0 0.005
0.541 0.209 0 0.005
0.541 0.357 0 0.005
0.541 0.852 0 0.005
0.541 0.919 0 0.005
0.542 0.037 0 0.005
0.543 0.122 0 0.005
0.544 0.662 0 0.005
0.545 0.067 0 0.005
0.545 0.436 0 0.005
0.545 0.581 0 0.005
0.546 0.0017435897435897436 0 0.005
0.546 0.943 0 0.005
0.547 0.252 0 0.005
0.547 0.275 0 0.005
0.547 0.647 0 0.005
0.548 0.565 0 0.005
0.548 0.809 0 0.005
0.549 0.625 0 0.005
0.549 0.695 0 0.005
0.55 0.218 0 0.005
0.551 0.309 0 0.005
0.551 0.822 0 0.005
0.551 0.845 0 0.005
0.552 0.022 0 0.005
0.552 0.105 0 0.005
0.552 0.356 0 0.005
0.554 0.263 0 0.005
0.554 0.474 0 0.005
0.554 0.922 0 0.005
0.556 0.155 0 0.005
0.556 0.3 0 0.005
0.556 0.511 0 0.005
0.556 0.522 0 0.005
0.556 0.872 0 0.005
0.557 0.611 0 0.005
0.558 0.347 0 0.005
0.559 0.386 0 0.005
0.559 0.541 0 0.005
0.56 0.057 0 0.005
0.561 0.426 0 0.005
0.563 0.569 0 0.005
0.563 0.683 0 0.005
0.564 0.025 0 0.005
0.564 0.646 0 0.005
0.565 0.251 0 0.005
0.565 0.583 0 0.005
0.565 0.947 0 0.005
0.565 0.971 0 0.005
0.566 0.305 0 0.005
0.566 0.933 0 0.005
0.567 0.836 0 0.005
0.569 0.714 0 0.005
0.569 0.99 0 0.005
0.57 0.161 0 0.005
0.571 0.518 0 0.005
0.571 0.704 0 0.005
0.573 0.496 0 0.005
0.574 0.433 0 0.005
0.575 0.091 0 0.005
0.577 0.353 0 0.005
0.577 0.8 0 0.005
0.578 0.627 0 0.005
0.578 0.647 0 0.005
0.578 0.958 0 0.005
0.579 0.04 0 0.005
0.579 0.58 0 0.005
0.58 0.288 0 0.005
0.582 0.667 0 0.005
0.582 0.769 0 0.005
0.583 0.194 0 0.005
0.584 0.224 0 0.005
0.584 0.511 0 0.005
0.588 0.157 0 0.005
0.588 0.721 0 0.005
0.588 0.95 0 0.005
0.589 0.202 0 0.005
0.589 0.215 0 0.005
0.589 0.406 0 0.005
0.589 0.87 0 0.005
0.591 0.076 0 0.005
0.594 0.123 0 0.005
0.594 0.588 0 0.005
0.595 0.299 0 0.005
0.595 0.346 0 0.005
0.595 0.358 0 0.005
0.595 0.983 0 0.005
0.596 0.447 0 0.005
0.598 0.559 0 0.005
0.598 0.786 0 0.005
0.599 0.506 0 0.005
0.601 0.013 0 0.005
0.602 0.843 0 0.005
0.603 0.084 0 0.005
0.603 0.378 0 0.005
0.604 0.178 0 0.005
0.604 0.723 0 0.005
0.605 0.712 0 0.005
0.605 0.814 0 0.005
0.605 0.923 0 0.005
0.606 0.125 0 0.005
0.607 0.428 0 0.005
0.608 0.251 0 0.005
0.608 0.617 0 0.005
0.608 0.682 0 0.005
0.609 0.387 0 0.005
0.61 0.528 0 0.005
0.61 0.602 0 0.005
0.611 0.672 0 0.005
0.612 0.192 0 0.005
0.612 0.331 0 0.005
0.612 0.909 0 0.005
0.613 0.1 0 0.005
0.614 0.825 0 0.005
0.616 0.217 0 0.005
0.616 0.805 0 0.005
0.616 0.951 0 0.005
0.617 0.839 0 0.005
0.618 0.041 0 0.005
0.618 0.182 0 0.005
0.618 0.482 0 0.005
0.618 0.694 0 0.005
0.619 0.243 0 0.005
0.621 0.786 0 0.005
0.623 0.717 0 0.005
0.623 0.972 0 0.005
0.625 0.015 0 0.005
0.625 0.293 0 0.005
0.625 0.376 0 0.005
0.625 0.896 0 0.005
0.626 0.847 0 0.005
0.627 0.201 0 0.005
0.627 0.267 0 0.005
0.627 0.643 0 0.005
0.628 0.921 0 0.005
0.629 0.086 0 0.005
0.629 0.335 0 0.005
0.631 0.251 0 0.005
0.632 0.353 0 0.005
0.633 0.045 0 0.005
0.633 0.322 0 0.005
0.633 0.508 0 0.005
0.633 0.701 0 0.005
0.633 0.712 0 0.005
0.633 0.747 0 0.005
0.634 0.308 0 0.005
0.634 0.861 0 0.005
0.635 0.559 0 0.005
0.635 0.976 0 0.005
0.636 0.207 0 0.005
0.636 0.232 0 0.005
0.636 0.379 0 0.005
0.636 0.39 0 0.005
0.636 0.529 0 0.005
0.637 0.549 0 0.005
0.638 0.152 0 0.005
0.639 0.086 0 0.005
0.64 0.058 0 0.005
0.641 0.418 0 0.005
0.642 0.629 0 0.005
0.643 0.13 0 0.005
0.643 0.511 0 0.005
0.643 0.893 0 0.005
0.644 0.296 0 0.005
0.645 0.699 0 0.005
0.646 0.025 0 0.005
0.646 0.444 0 0.005
0.65 0.464 0 0.005
0.651 0.981 0 0.005
0.652 0.595 0 0.005
0.653 0.871 0 0.005
0.654 0.647 0 0.005
0.654 0.855 0 0.005
0.655 0.365 0 0.005
0.655 0.513 0 0.005
0.655 0.747 0 0.005
0.656 0.02 0 0.005
0.656 0.058 0 0.005
0.656 0.18 0 0.005
0.656 0.488 0 0.005
0.656 0.934 0 0.005
0.658 0.209 0 0.005
0.658 0.536 0 0.005
0.659 0.924 0 0.005
0.661 0.57 0 0.005
0.663 0.106 0 0.005
0.664 0.143 0 0.005
0.664 0.261 0 0.005
0.665 0.75 0 0.005
0.666 0.385 0 0.005
0.668 0.195 0 0.005
0.668 0.905 0 0.005
0.669 0.584 0 0.005
0.669 0.656 0 0.005
0.67 0.52 0 0.005
0.671 0.095 0 0.005
0.671 0.697 0 0.005
0.672 0.054 0 0.005
0.673 0.304 0 0.005
0.673 0.439 0 0.005
0.673 0.681 0 0.005
0.673 0.74 0 0.005
0.675 0.283 0 0.005
0.676 0.384 0 0.005
0.677 0.834 0 0.005
0.677 0.982 0 0.005
0.678 0.015 0 0.005
0.678 0.18 0 0.005
0.679 0.245 0 0.005
0.68 0.315 0 0.005
0.68 0.347 0 0.005
0.682 0.263 0 0.005
0.682 0.424 0 0.005
0.682 0.704 0 0.005
0.684 0.471 0 0.005
0.685 0.153 0 0.005
0.686 0.548 0 0.005
0.687 0.165 0 0.005
0.687 0.484 0 0.005
0.687 0.945 0 0.005
0.689 0.578 0 0.005
0.689 0.92 0 0.005
0.69 0.128 0 0.005
0.692 0.078 0 0.005
0.692 0.335 0 0.005
0.694 0.608 0 0.005
0.695 0.025 0 0.005
0.695 0.655 0 0.005
0.696 0.292 0 0.005
0.696 0.842 0 0.005
0.698 0.065 0 0.005
0.698 0.175 0 0.005
0.698 0.304 0 0.005
0.699 0.54 0 0.005
0.699 0.953 0 0.005
0.7 0.043 0 0.005
0.703 0.632 0 0.005
0.703 0.643 0 0.005
0.704 0.242 0 0.005
0.704 0.399 0 0.005
0.704 0.811 0 0.005
0.704 0.898 0 0.005
0.705 0.191 0 0.005
0.705 0.935 0 0.005
0.706 0.223 0 0.005
0.706 0.788 0 0.005
0.707 0.107 0 0.005
0.707 0.685 0 0.005
0.707 0.871 0 0.005
0.707 0.973 0 0.005
0.708 0.723 0 0.005
0.709 0.02 0 0.005
0.71 0.268 0 0.005
0.71 0.435 0 0.005
0.711 0.292 0 0.005
0.712 0.76 0 0.005
0.713 0.491 0 0.005
0.714 0.237 0 0.005
0.714 0.809 0 0.005
0.715 0.524 0 0.005
0.717 0.405 0 0.005
0.717 0.9977333333333334 0 0.005
0.719 0.374 0 0.005
0.719 0.819 0 0.005
0.72 0.083 0 0.005
0.72 0.201 0 0.005
0.72 0.272 0 0.005
0.721 0.041 0 0.005
0.721 0.615 0 0.005
0.723 0.164 0 0.005
0.723 0.843 0 0.005
0.727 0.761 0 0.005
0.727 0.991 0 0.005
0.728 0.705 0 0.005
0.728 0.742 0 0.005
0.729 0.496 0 0.005
0.73 0.07 0 0.005
0.73 0.581 0 0.005
0.731 0.643 0 0.005
0.732 0.86 0 0.005
0.733 0.046 0 0.005
0.733 0.553 0 0.005
0.734 0.095 0 0.005
0.734 0.783 0 0.005
0.734 0.915 0 0.005
0.735 0.205 0 0.005
0.735 0.369 0 0.005
0.736 0.013 0 0.005
0.736 0.188 0 0.005
0.736 0.231 0 0.005
0.737 0.99 0 0.005
0.739 0.572 0 0.005
0.741 0.931 0 0.005
0.742 0.432 0 0.005
0.742 0.769 0 0.005
0.742 0.952 0 0.005
0.743 0.378 0 0.005
0.743 0.701 0 0.005
0.743 0.73 0 0.005
0.743 0.808 0 0.005
0.744 0.79 0 0.005
0.745 0.223 0 0.005
0.745 0.0004166666666666667 0 0.005
0.746 0.201 0 0.005
0.746 0.549 0 0.005
0.747 0.29 0 0.005
0.747 0.617 0 0.005
0.747 0.68 0 0.005
0.747 0.852 0 0.005
0.747 0.873 0 0.005
0.749 0.637 0 0.005
0.75 0.347 0 0.005
0.75 0.604 0 0.005
0.75 0.895 0 0.005
0.751 0.165 0 0.005
0.754 0.458 0 0.005
0.754 0.517 0 0.005
0.754 0.727 0 0.005
0.755 0.301 0 0.005
0.755 0.594 0 0.005
0.757 0.187 0 0.005
0.757 0.331 0 0.005
0.757 0.377 0 0.005
0.757 0.575 0 0.005
0.759 0.201 0 0.005
0.759 0.399 0 0.005
0.759 0.489 0 0.005
0.759 0.839 0 0.005
0.759 0.945 0 0.005
0.759 0.0004166666666666667 0 0.005
0.76 0.348 0 0.005
0.761 0.821 0 0.005
0.762 0.88 0 0.005
0.763 0.856 0 0.005
0.763 0.957 0 0.005
0.765 0.913 0 0.005
0.767 0.592 0 0.005
0.767 0.702 0 0.005
0.768 0.179 0 0.005
0.774 0.109 0 0.005
0.775 0.61 0 0.005
0.776 0.239 0 0.005
0.777 0.213 0 0.005
0.778 0.789 0 0.005
0.778 0.95 0 0.005
0.78 0.519 0 0.005
0.78 0.76 0 0.005
0.78 0.937 0 0.005
0.781 0.504 0 0.005
0.782 0.9977333333333334 0 0.005
0.783 0.099 0 0.005
0.783 0.355 0 0.005
0.786 0.68 0 0.005
0.787 0.82 0 0.005
0.787 0.831 0 0.005
0.788 0.322 0 0.005
0.789 0.0008095238095238096 0 0.005
0.789 0.21 0 0.005
0.791 0.038 0 0.005
0.791 0.157 0 0.005
0.791 0.419 0 0.005
0.791 0.53 0 0.005
0.792 0.649 0 0.005
0.793 0.393 0 0.005
0.794 0.78 0 0.005
0.795 0.406 0 0.005
0.795 0.624 0 0.005
0.796 0.975 0 0.005
0.797 0.581 0 0.005
0.798 0.964 0 0.005
0.8 0.824 0 0.005
0.802 0.771 0 0.005
0.803 0.864 0 0.005
0.804 0.414 0 0.005
0.805 0.013 0 0.005
0.805 0.911 0 0.005
0.805 0.927 0 0.005
0.806 0.055 0 0.005
0.806 0.067 0 0.005
0.806 0.356 0 0.005
0.806 0.781 0 0.005
0.81 0.46 0 0.005
0.81 0.578 0 0.005
0.81 0.607 0 0.005
0.81 0.68 0 0.005
0.811 0.874 0 0.005
0.812 0.297 0 0.005
0.813 0.657 0 0.005
0.814 0.157 0 0.005
0.816 0.401 0 0.005
0.816 0.841 0 0.005
0.817 0.124 0 0.005
0.818 0.094 0 0.005
0.819 0.957 0 0.005
0.82 0.867 0 0.005
0.821 0.175 0 0.005
0.821 0.701 0 0.005
0.822 0.461 0 0.005
0.822 0.82 0 0.005
0.823 0.204 0 0.005
0.823 0.558 0 0.005
0.825 0.916 0 0.005
0.826 0.143 0 0.005
0.828 0.758 0 0.005
0.829 0.503 0 0.005
0.831 0.028 0 0.005
0.831 0.214 0 0.005
0.831 0.333 0 0.005
0.832 0.156 0 0.005
0.832 0.311 0 0.005
0.832 0.473 0 0.005
0.832 0.963 0 0.005
0.835 0.492 0 0.005
0.835 0.522 0 0.005
0.835 0.625 0 0.005
0.836 0.671 0 0.005
0.838 0.341 0 0.005
0.838 0.416 0 0.005
0.839 0.829 0 0.005
0.84 0.925 0 0.005
0.84 0.98 0 0.005
0.841 0.002719298245614035 0 0.005
0.841 0.613 0 0.005
0.842 0.356 0 0.005
0.842 0.378 0 0.005
0.842 0.455 0 0.005
0.842 0.814 0 0.005
0.842 0.911 0 0.005
0.843 0.401 0 0.005
0.843 0.706 0 0.005
0.843 0.877 0 0.005
0.844 0.479 0 0.005
0.845 0.092 0 0.005
0.846 0.249 0 0.005
0.848 0.552 0 0.005
0.849 0.08 0 0.005
0.85 0.278 0 0.005
0.85 0.57 0 0.005
0.851 0.213 0 0.005
0.852 0.106 0 0.005
0.852 0.762 0 0.005
0.853 0.693 0 0.005
0.853 0.737 0 0.005
0.853 0.82 0 0.005
0.853 0.892 0 0.005
0.854 0.039 0 0.005
0.854 0.94 0 0.005
0.855 0.289 0 0.005
0.855 0.395 0 0.005
0.855 0.921 0 0.005
0.856 0.705 0 0.005
0.856 0.908 0 0.005
0.857 0.155 0 0.005
0.857 0.248 0 0.005
0.859 0.42 0 0.005
0.859 0.578 0 0.005
0.86 0.258 0 0.005
0.86 0.567 0 0.005
0.863 0.511 0 0.005
0.863 0.738 0 0.005
0.863 0.815 0 0.005
0.863 0.881 0 0.005
0.863 0.97 0 0.005
0.864 0.199 0 0.005
0.864 0.487 0 0.005
0.865 0.1 0 0.005
0.867 0.181 0 0.005
0.867 0.621 0 0.005
0.867 0.845 0 0.005
0.868 0.336 0 0.005
0.868 0.791 0 0.005
0.867 0.999 0 0.005
0.87 0.115 0 0.005
0.87 0.156 0 0.005
0.87 0.918 0 0.005
0.87 0.93 0 0.005
0.871 0.352 0 0.005
0.872 0.298 0 0.005
0.873 0.444 0 0.005
0.874 0.024 0 0.005
0.876 0.246 0 0.005
0.876 0.373 0 0.005
0.877 0.196 0 0.005
0.877 0.721 0 0.005
0.878 0.577 0 0.005
0.88 0.882 0 0.005
0.882 0.345 0 0.005
0.882 0.386 0 0.005
0.882 0.627 0 0.005
0.882 0.776 0 0.005
0.882 0.849 0 0.005
0.883 0.032 0 0.005
0.883 0.418 0 0.005
0.884 0.109 0 0.005
0.884 0.54 0 0.005
0.884 0.7 0 0.005
0.888 0.074 0 0.005
0.888 0.21 0 0.005
0.888 0.803 0 0.005
0.888 0.817 0 0.005
0.89 0.267 0 0.005
0.89 0.435 0 0.005
0.891 0.367 0 0.005
0.892 0.149 0 0.005
0.892 0.401 0 0.005
0.892 0.839 0 0.005
0.892 0.927 0 0.005
0.894 0.678 0 0.005
0.894 0.853 0 0.005
0.895 0.061 0 0.005
0.895 0.231 0 0.005
0.897 0.556 0 0.005
0.899 0.887 0 0.005
0.899 0.9956875 0 0.005
0.9 0.62 0 0.005
0.901 0.084 0 0.005
0.901 0.545 0 0.005
0.901 0.933 0 0.005
0.902 0.458 0 0.005
0.902 0.786 0 0.005
0.905 0.287 0 0.005
0.905 0.378 0 0.005
0.906 0.511 0 0.005
0.906 0.867 0 0.005
0.908 0.315 0 0.005
0.908 0.443 0 0.005
0.909 0.582 0 0.005
0.911 0.052 0 0.005
0.911 0.09 0 0.005
0.911 0.223 0 0.005
0.911 0.425 0 0.005
0.911 0.746 0 0.005
0.913 0.486 0 0.005
0.913 0.568 0 0.005
0.914 0.547 0 0.005
0.915 0.105 0 0.005
0.915 0.118 0 0.005
0.915 0.642 0 0.005
0.915 0.728 0 0.005
0.915 0.762 0 0.005
0.916 0.852 0 0.005
0.917 0.062 0 0.005
0.917 0.307 0 0.005
0.918 0.46 0 0.005
0.918 0.697 0 0.005
0.918 0.817 0 0.005
0.919 0.152 0 0.005
0.921 0.771 0 0.005
0.922 0.097 0 0.005
0.922 0.372 0 0.005
0.924 0.947 0 0.005
0.925 0.424 0 0.005
0.925 0.748 0 0.005
0.926 0.505 0 0.005
0.927 0.123 0 0.005
0.928 0.642 0 0.005
0.929 0.209 0 0.005
0.929 0.603 0 0.005
0.93 0.527 0 0.005
0.931 0.307 0 0.005
0.931 0.475 0 0.005
0.931 0.575 0 0.005
0.932 0.346 0 0.005
0.932 0.365 0 0.005
0.932 0.615 0 0.005
0.932 0.657 0 0.005
0.936 0.49 0 0.005
0.936 0.717 0 0.005
0.937 0.319 0 0.005
0.937 0.429 0 0.005
0.937 0.459 0 0.005
0.938 0.506 0 0.005
0.938 0.52 0 0.005
0.94 0.823 0 0.005
0.941 0.874 0 0.005
0.942 0.159 0 0.005
0.942 0.474 0 0.005
0.942 0.791 0 0.005
0.942 0.855 0 0.005
0.943 0.684 0 0.005
0.943 0.993 0 0.005
0.944 0.012 0 0.005
0.944 0.303 0 0.005
0.946 0.09 0 0.005
0.946 0.413 0 0.005
0.947 0.175 0 0.005
0.947 0.935 0 0.005
0.948 0.271 0 0.005
0.948 0.381 0 0.005
0.95 0.371 0 0.005
0.95 0.759 0 0.005
0.951 0.575 0 0.005
0.951 0.774 0 0.005
0.952 0.029 0 0.005
0.957 0.226 0 0.005
0.959 0.056 0 0.005
0.959 0.119 0 0.005
0.959 0.306 0 0.005
0.96 0.603 0 0.005
0.961 0.098 0 0.005
0.961 0.367 0 0.005
0.962 0.394 0 0.005
0.962 0.931 0 0.005
0.963 0.409 0 0.005
0.961 0.999 0 0.005
0.965 0.262 0 0.005
0.966 0.637 0 0.005
0.967 0.981 0 0.005
0.968 0.219 0 0.005
0.968 0.325 0 0.005
0.97 0.377 0 0.005
0.971 0.092 0 0.005
0.973 0.018 0 0.005
0.974 0.41 0 0.005
0.975 0.653 0 0.005
0.976 0.367 0 0.005
0.976 0.57 0 0.005
0.977 0.691 0 0.005
0.977 0.702 0 0.005
0.977 0.752 0 0.005
0.978 0.277 0 0.005
0.979 0.496 0 0.005
0.979 0.949 0 0.005
0.981 0.029 0 0.005
0.981 0.482 0 0.005
0.981 0.617 0 0.005
0.983 0.159 0 0.005
0.983 0.817 0 0.005
0.985 0.397 0 0.005
0.986 0.995 0 0.005
0.987 0.328 0 0.005
0.987 0.352 0 0.005
0.987 0.801 0 0.005
0.988 0.118 0 0.005
0.99 0.146 0 0.005
0.99 0.507 0 0.005
0.991 0.0022291666666666666 0 0.005
0.992 0.34 0 0.005
0.992 0.89 0 0.005
0.993 0.181 0 0.005
0.994 0.684 0 0.005
0.994 0.831 0 0.005
0.994 0.904 0 0.005
0.994 0.93 0 0.005
0.995 0.41 0 0.005
0.995 0.647 0 0.005
0.995 0.661 0 0.005
0.995 0.747 0 0.005
0.996280701754386 0.57 0 0.005
0.9972564102564103 0.037 0 0.005
0.9977333333333334 0.01 0 0.005
0.9977333333333334 0.364 0 0.005
0.9977333333333334 0.382 0 0.005
0.9981904761904762 0.957 0 0.005
0.9985833333333334 0.079 0 0.005
0.9985833333333334 0.105 0 0.005
