0.0 0.006 0 0.005
0.004 0.042 0 0.005
0.0017435897435897436 0.087 0 0.005
0.004 0.105 0 0.005
0.0008095238095238096 0.134 0 0.005
0.0033125 0.15 0 0.005
0.004 0.196 0 0.005
0.004 0.206 0 0.005
0.0 0.237 0 0.005
0.0017435897435897436 0.252 0 0.005
0.0004166666666666667 0.3 0 0.005
0.0012666666666666666 0.404 0 0.005
0.0 0.416 0 0.005
0.0 0.443 0 0.005
0.0 0.464 0 0.005
0.002719298245614035 0.557 0 0.005
0.0008095238095238096 0.572 0 0.005
0.0004166666666666667 0.6 0 0.005
0.0012666666666666666 0.63 0 0.005
0.0022291666666666666 0.667 0 0.005
0.002719298245614035 0.692 0 0.005
0.0012666666666666666 0.712 0 0.005
0.0 0.737 0 0.005
0.0022291666666666666 0.787 0 0.005
0.0012666666666666666 0.827 0 0.005
0.0012666666666666666 0.837 0 0.005
0.0017435897435897436 0.854 0 0.005
0.0008095238095238096 0.865 0 0.005
0.0008095238095238096 0.88 0 0.005
0.0004166666666666667 0.939 0 0.005
0.0004166666666666667 0.962 0 0.005
0.005 0.312 0 0.005
0.005 0.387 0 0.005
0.005 0.743 0 0.005
0.005 0.898 0 0.005
0.005 0.9956875 0 0.005
0.006 0.186 0 0.005
0.007 0.681 0 0.005
0.007 0.967 0 0.005
0.008 0.079 0 0.005
0.008 0.594 0 0.005
0.008 0.946 0 0.005
0.009 0.093 0 0.005
0.009 0.22 0 0.005
0.009 0.26 0 0.005
0.009 0.292 0 0.005
0.009 0.344 0 0.005
0.009 0.491 0 0.005
0.009 0.648 0 0.005
0.009 0.758 0 0.005
0.009 0.807 0 0.005
0.01 0.06 0 0.005
0.01 0.544 0 0.005
0.011 0.143 0 0.005
0.011 0.505 0 0.005
0.011 0.52 0 0.005
0.011 0.626 0 0.005
0.012 0.37 0 0.005
0.012 0.442 0 0.005
0.012 0.778 0 0.005
0.012 0.826 0 0.005
0.013 0.01 0 0.005
0.013 0.975 0 0.005
0.015 0.069 0 0.005
0.015 0.17 0 0.005
0.015 0.209 0 0.005
0.015 0.615 0 0.005
0.015 0.662 0 0.005
0.015 0.701 0 0.005
0.015 0.816 0 0.005
0.017 0.471 0 0.005
0.017 0.482 0 0.005
0.017 0.604 0 0.005
0.017 0.87 0 0.005
0.018 0.028 0 0.005
0.018 0.321 0 0.005
0.018 0.99 0 0.005
0.019 0.134 0 0.005
0.019 0.572 0 0.005
0.019 0.922 0 0.005
0.019 0.954 0 0.005
0.02 0.431 0 0.005
0.02 0.805 0 0.005
0.021 0.682 0 0.005
0.021 0.715 0 0.005
0.022 0.151 0 0.005
0.022 0.856 0 0.005
0.022 0.895 0 0.005
0.022 0.907 0 0.005
0.02 0.999 0 0.005
0.023 0.016 0 0.005
0.023 0.099 0 0.005
0.023 0.287 0 0.005
0.024 0.117 0 0.005
0.024 0.26 0 0.005
0.024 0.654 0 0.005
0.025 0.221 0 0.005
0.025 0.351 0 0.005
0.025 0.537 0 0.005
0.026 0.0008095238095238096 0 0.005
0.026 0.07 0 0.005
0.026 0.333 0 0.005
0.026 0.376 0 0.005
0.027 0.394 0 0.005
0.027 0.451 0 0.005
0.027 0.519 0 0.005
0.028 0.052 0 0.005
0.029 0.415 0 0.005
0.029 0.6 0 0.005
0.031 0.571 0 0.005
0.031 0.697 0 0.005
0.031 0.77 0 0.005
0.031 0.965 0 0.005
0.032 0.741 0 0.005
0.032 0.975 0 0.005
0.033 0.317 0 0.005
0.034 0.125 0 0.005
0.034 0.143 0 0.005
0.034 0.363 0 0.005
0.034 0.727 0 0.005
0.034 0.835 0 0.005
0.034 0.906 0 0.005
0.036 0.375 0 0.005
0.037 0.172 0 0.005
0.037 0.994 0 0.005
0.038 0.002719298245614035 0 0.005
0.038 0.295 0 0.005
0.038 0.473 0 0.005
0.039 0.039 0 0.005
0.039 0.494 0 0.005
0.039 0.508 0 0.005
0.039 0.544 0 0.005
0.039 0.69 0 0.005
0.04 0.222 0 0.005
0.04 0.582 0 0.005
0.04 0.627 0 0.005
0.04 0.796 0 0.005
0.041 0.881 0 0.005
0.042 0.268 0 0.005
0.043 0.078 0 0.005
0.043 0.132 0 0.005
0.044 0.102 0 0.005
0.044 0.147 0 0.005
0.044 0.256 0 0.005
0.044 0.354 0 0.005
0.045 0.597 0 0.005
0.045 0.93 0 0.005
0.046 0.306 0 0.005
0.046 0.871 0 0.005
0.046 0.902 0 0.005
0.047 0.024 0 0.005
0.047 0.237 0 0.005
0.047 0.381 0 0.005
0.047 0.436 0 0.005
0.049 0.009 0 0.005
0.049 0.12 0 0.005
0.049 0.167 0 0.005
0.049 0.446 0 0.005
0.049 0.667 0 0.005
0.049 0.738 0 0.005
0.049 0.832 0 0.005
0.05 0.418 0 0.005
0.05 0.95 0 0.005
0.051 0.199 0 0.005
0.051 0.523 0 0.005
0.051 0.651 0 0.005
0.052 0.058 0 0.005
0.052 0.088 0 0.005
0.052 0.459 0 0.005
0.052 0.49 0 0.005
0.053 0.789 0 0.005
0.053 0.806 0 0.005
0.054 0.252 0 0.005
0.054 0.272 0 0.005
0.054 0.853 0 0.005
0.054 0.939 0 0.005
0.055 0.184 0 0.005
0.055 0.606 0 0.005
0.055 0.977 0 0.005
0.056 0.769 0 0.005
0.056 0.841 0 0.005
0.058 0.07 0 0.005
0.058 0.586 0 0.005
0.058 0.697 0 0.005
0.059 0.135 0 0.005
0.059 0.636 0 0.005
0.059 0.912 0 0.005
0.059 0.993 0 0.005
0.06 0.051 0 0.005
0.06 0.242 0 0.005
0.06 0.407 0 0.005
0.06 0.441 0 0.005
0.06 0.571 0 0.005
0.06 0.861 0 0.005
0.062 0.088 0 0.005
0.062 0.295 0 0.005
0.062 0.317 0 0.005
0.062 0.528 0 0.005
0.062 0.747 0 0.005
0.063 0.363 0 0.005
0.063 0.715 0 0.005
0.064 0.0012666666666666666 0 0.005
0.064 0.227 0 0.005
0.064 0.495 0 0.005
0.065 0.078 0 0.005
0.065 0.172 0 0.005
0.065 0.607 0 0.005
0.066 0.464 0 0.005
0.067 0.477 0 0.005
0.068 0.878 0 0.005
0.068 0.964 0 0.005
0.069 0.664 0 0.005
0.069 0.688 0 0.005
0.069 0.783 0 0.005
0.07 0.384 0 0.005
0.07 0.904 0 0.005
0.07 0.92 0 0.005
0.071 0.326 0 0.005
0.071 0.344 0 0.005
0.072 0.009 0 0.005
0.072 0.109 0 0.005
0.073 0.456 0 0.005
0.074 0.19 0 0.005
0.074 0.548 0 0.005
0.075 0.03 0 0.005
0.075 0.049 0 0.005
0.075 0.059 0 0.005
0.075 0.202 0 0.005
0.075 0.74 0 0.005
0.075 0.9956875 0 0.005
0.076 0.561 0 0.005
0.076 0.638 0 0.005
0.076 0.76 0 0.005
0.077 0.409 0 0.005
0.077 0.813 0 0.005
0.078 0.241 0 0.005
0.078 0.421 0 0.005
0.078 0.778 0 0.005
0.078 0.791 0 0.005
0.079 0.47 0 0.005
0.079 0.831 0 0.005
0.079 0.846 0 0.005
0.081 0.397 0 0.005
0.081 0.508 0 0.005
0.081 0.986 0 0.005
0.082 0.082 0 0.005
0.082 0.094 0 0.005
0.082 0.483 0 0.005
0.083 0.145 0 0.005
0.083 0.182 0 0.005
0.083 0.379 0 0.005
0.083 0.686 0 0.005
0.083 0.708 0 0.005
0.084 0.595 0 0.005
0.084 0.961 0 0.005
0.085 0.313 0 0.005
0.085 0.865 0 0.005
0.085 0.917 0 0.005
0.085 0.938 0 0.005
0.086 0.015 0 0.005
0.087 0.03 0 0.005
0.087 0.051 0 0.005
0.087 0.634 0 0.005
0.087 0.674 0 0.005
0.087 0.768 0 0.005
0.088 0.122 0 0.005
0.088 0.24 0 0.005
0.089 0.227 0 0.005
0.09 0.258 0 0.005
0.09 0.287 0 0.005
0.09 0.738 0 0.005
0.091 0.194 0 0.005
0.091 0.41 0 0.005
0.091 0.505 0 0.005
0.091 0.538 0 0.005
0.091 0.583 0 0.005
0.091 0.624 0 0.005
0.091 0.717 0 0.005
0.091 0.748 0 0.005
0.092 0.331 0 0.005
0.092 0.79 0 0.005
0.093 0.089 0 0.005
0.093 0.156 0 0.005
0.093 0.421 0 0.005
0.093 0.648 0 0.005
0.094 0.38 0 0.005
0.094 0.523 0 0.005
0.094 0.689 0 0.005
0.094 0.86 0 0.005
0.094 0.0004166666666666667 0 0.005
0.095 0.1 0 0.005
0.095 0.313 0 0.005
0.095 0.554 0 0.005
0.095 0.843 0 0.005
0.095 0.907 0 0.005
0.096 0.365 0 0.005
0.096 0.952 0 0.005
0.097 0.053 0 0.005
0.097 0.133 0 0.005
0.097 0.169 0 0.005
0.097 0.487 0 0.005
0.097 0.637 0 0.005
0.097 0.7 0 0.005
0.098 0.218 0 0.005
0.098 0.268 0 0.005
0.098 0.657 0 0.005
0.099 0.063 0 0.005
0.099 0.397 0 0.005
0.099 0.438 0 0.005
0.099 0.993 0 0.005
0.097 0.999 0 0.005
0.1 0.801 0 0.005
0.101 0.592 0 0.005
0.101 0.61 0 0.005
0.101 0.744 0 0.005
0.102 0.2 0 0.005
0.102 0.566 0 0.005
0.102 0.87 0 0.005
0.104 0.471 0 0.005
0.104 0.506 0 0.005
0.105 0.112 0 0.005
0.105 0.908 0 0.005
0.106 0.163 0 0.005
0.107 0.013 0 0.005
0.107 0.485 0 0.005
0.107 0.618 0 0.005
0.107 0.664 0 0.005
0.107 0.834 0 0.005
0.107 0.88 0 0.005
0.107 0.925 0 0.005
0.108 0.079 0 0.005
0.108 0.375 0 0.005
0.108 0.679 0 0.005
0.108 0.892 0 0.005
0.109 0.184 0 0.005
0.109 0.281 0 0.005
0.109 0.4 0 0.005
0.109 0.523 0 0.005
0.11 0.26 0 0.005
0.11 0.456 0 0.005
0.11 0.7 0 0.005
0.11 0.965 0 0.005
0.111 0.172 0 0.005
0.111 0.78 0 0.005
0.112 0.051 0 0.005
0.112 0.337 0 0.005
0.112 0.355 0 0.005
0.112 0.604 0 0.005
0.113 0.004 0 0.005
0.113 0.861 0 0.005
0.114 0.473 0 0.005
0.115 0.097 0 0.005
0.115 0.12 0 0.005
0.116 0.041 0 0.005
0.117 0.133 0 0.005
0.117 0.8 0 0.005
0.117 0.813 0 0.005
0.117 0.928 0 0.005
0.118 0.57 0 0.005
0.118 0.619 0 0.005
0.118 0.79 0 0.005
0.119 0.308 0 0.005
0.119 0.45 0 0.005
0.12 0.11 0 0.005
0.121 0.298 0 0.005
0.121 0.691 0 0.005
0.121 0.711 0 0.005
0.122 0.672 0 0.005
0.122 0.939 0 0.005
0.122 0.983 0 0.005
0.123 0.722 0 0.005
0.124 0.058 0 0.005
0.124 0.419 0 0.005
0.124 0.498 0 0.005
0.124 0.598 0 0.005
0.124 0.646 0 0.005
0.125 0.521 0 0.005
0.125 0.736 0 0.005
0.125 0.901 0 0.005
0.125 0.958 0 0.005
0.126 0.54 0 0.005
0.126 0.556 0 0.005
0.126 0.833 0 0.005
0.127 0.265 0 0.005
0.127 0.767 0 0.005
0.128 0.172 0 0.005
0.128 0.254 0 0.005
0.128 0.458 0 0.005
0.128 0.636 0 0.005
0.128 0.806 0 0.005
0.128 0.881 0 0.005
0.128 0.92 0 0.005
0.129 0.006 0 0.005
0.129 0.474 0 0.005
0.129 0.755 0 0.005
0.13 0.14 0 0.005
0.13 0.61 0 0.005
0.131 0.966 0 0.005
0.132 0.098 0 0.005
0.132 0.157 0 0.005
0.132 0.745 0 0.005
0.132 0.892 0 0.005
0.132 0.996280701754386 0 0.005
0.133 0.344 0 0.005
0.133 0.71 0 0.005
0.133 0.858 0 0.005
0.134 0.109 0 0.005
0.134 0.308 0 0.005
0.134 0.354 0 0.005
0.134 0.57 0 0.005
0.135 0.326 0 0.005
0.135 0.672 0 0.005
0.135 0.905 0 0.005
0.136 0.941 0 0.005
0.137 0.064 0 0.005
0.137 0.448 0 0.005
0.137 0.73 0 0.005
0.138 0.4 0 0.005
0.138 0.415 0 0.005
0.138 0.655 0 0.005
0.139 0.519 0 0.005
0.14 0.02 0 0.005
0.14 0.053 0 0.005
0.14 0.129 0 0.005
0.141 0.195 0 0.005
0.141 0.852 0 0.005
0.143 0.08 0 0.005
0.143 0.551 0 0.005
0.143 0.773 0 0.005
0.143 0.804 0 0.005
0.144 0.605 0 0.005
0.144 0.625 0 0.005
0.144 0.756 0 0.005
0.146 0.3 0 0.005
0.144 0.999 0 0.005
0.147 0.247 0 0.005
0.147 0.43 0 0.005
0.147 0.495 0 0.005
0.147 0.83 0 0.005
0.148 0.114 0 0.005
0.148 0.139 0 0.005
0.148 0.166 0 0.005
0.148 0.531 0 0.005
0.148 0.888 0 0.005
0.149 0.315 0 0.005
0.15 0.094 0 0.005
0.15 0.572 0 0.005
0.15 0.728 0 0.005
0.15 0.979 0 0.005
0.151 0.026 0 0.005
0.151 0.377 0 0.005
0.151 0.56 0 0.005
0.152 0.479 0 0.005
0.152 0.677 0 0.005
0.152 0.923 0 0.005
0.153 0.125 0 0.005
0.153 0.9 0 0.005
0.154 0.207 0 0.005
0.154 0.444 0 0.005
0.154 0.458 0 0.005
0.155 0.015 0 0.005
0.155 0.038 0 0.005
0.155 0.328 0 0.005
0.155 0.42 0 0.005
0.156 0.54 0 0.005
0.156 0.939 0 0.005
0.157 0.744 0 0.005
0.157 0.875 0 0.005
0.157 0.953 0 0.005
0.158 0.636 0 0.005
0.158 0.842 0 0.005
0.158 0.985 0 0.005
0.159 0.303 0 0.005
0.159 0.347 0 0.005
0.159 0.911 0 0.005
0.16 0.183 0 0.005
0.161 0.231 0 0.005
0.162 0.478 0 0.005
0.162 0.505 0 0.005
0.162 0.698 0 0.005
0.164 0.283 0 0.005
0.164 0.319 0 0.005
0.164 0.559 0 0.005
0.164 0.599 0 0.005
0.165 0.075 0 0.005
0.165 0.406 0 0.005
0.165 0.763 0 0.005
0.166 0.034 0 0.005
0.166 0.135 0 0.005
0.166 0.145 0 0.005
0.166 0.195 0 0.005
0.166 0.651 0 0.005
0.167 0.435 0 0.005
0.167 0.752 0 0.005
0.167 0.833 0 0.005
0.168 0.11 0 0.005
0.168 0.264 0 0.005
0.168 0.374 0 0.005
0.168 0.628 0 0.005
0.168 0.718 0 0.005
0.169 0.339 0 0.005
0.169 0.878 0 0.005
0.17 0.01 0 0.005
0.17 0.1 0 0.005
0.17 0.363 0 0.005
0.17 0.992 0 0.005
0.171 0.089 0 0.005
0.171 0.168 0 0.005
0.171 0.639 0 0.005
0.171 0.968 0 0.005
0.172 0.495 0 0.005
0.173 0.482 0 0.005
0.173 0.675 0 0.005
0.173 0.888 0 0.005
0.174 0.426 0 0.005
0.174 0.517 0 0.005
0.174 0.554 0 0.005
0.174 0.728 0 0.005
0.175 0.069 0 0.005
0.175 0.213 0 0.005
0.175 0.236 0 0.005
0.176 0.566 0 0.005
0.176 0.652 0 0.005
0.176 0.932 0 0.005
0.178 0.047 0 0.005
0.178 0.125 0 0.005
0.178 0.764 0 0.005
0.178 0.811 0 0.005
0.179 0.083 0 0.005
0.179 0.259 0 0.005
0.179 0.589 0 0.005
0.179 0.599 0 0.005
0.179 0.699 0 0.005
0.18 0.743 0 0.005
0.181 0.146 0 0.005
0.181 0.183 0 0.005
0.182 0.721 0 0.005
0.183 0.27 0 0.005
0.183 0.838 0 0.005
0.183 0.975 0 0.005
0.184 0.284 0 0.005
0.184 0.463 0 0.005
0.184 0.783 0 0.005
0.184 0.797 0 0.005
0.185 0.485 0 0.005
0.186 0.109 0 0.005
0.186 0.136 0 0.005
0.187 0.119 0 0.005
0.187 0.94 0 0.005
0.189 0.017 0 0.005
0.189 0.307 0 0.005
0.189 0.591 0 0.005
0.189 0.827 0 0.005
0.19 0.216 0 0.005
0.19 0.475 0 0.005
0.191 0.521 0 0.005
0.191 0.962 0 0.005
0.192 0.057 0 0.005
0.192 0.662 0 0.005
0.192 0.74 0 0.005
0.192 0.887 0 0.005
0.193 0.379 0 0.005
0.193 0.534 0 0.005
0.193 0.898 0 0.005
0.194 0.266 0 0.005
0.194 0.773 0 0.005
0.194 0.814 0 0.005
0.195 0.285 0 0.005
0.195 0.411 0 0.005
0.195 0.456 0 0.005
0.195 0.707 0 0.005
0.196 0.079 0 0.005
0.196 0.162 0 0.005
0.196 0.421 0 0.005
0.196 0.947 0 0.005
0.197 0.346 0 0.005
0.197 0.497 0 0.005
0.197 0.605 0 0.005
0.197 0.9977333333333334 0 0.005
0.198 0.313 0 0.005
0.198 0.546 0 0.005
0.198 0.586 0 0.005
0.199 0.122 0 0.005
0.2 0.047 0 0.005
0.2 0.132 0 0.005
0.2 0.242 0 0.005
0.2 0.566 0 0.005
0.2 0.576 0 0.005
0.2 0.654 0 0.005
0.201 0.096 0 0.005
0.201 0.174 0 0.005
0.201 0.327 0 0.005
0.201 0.482 0 0.005
0.201 0.525 0 0.005
0.201 0.691 0 0.005
0.202 0.226 0 0.005
0.202 0.255 0 0.005
0.202 0.787 0 0.005
0.203 0.938 0 0.005
0.205 0.148 0 0.005
0.205 0.215 0 0.005
0.205 0.355 0 0.005
0.205 0.411 0 0.005
0.205 0.47 0 0.005
0.206 0.107 0 0.005
0.206 0.797 0 0.005
0.207 0.083 0 0.005
0.207 0.162 0 0.005
0.207 0.342 0 0.005
0.207 0.439 0 0.005
0.207 0.551 0 0.005
0.207 0.834 0 0.005
0.207 0.858 0 0.005
0.207 0.98 0 0.005
0.208 0.036 0 0.005
0.208 0.996280701754386 0 0.005
0.209 0.591 0 0.005
0.209 0.777 0 0.005
0.209 0.89 0 0.005
0.21 0.066 0 0.005
0.21 0.265 0 0.005
0.211 0.233 0 0.005
0.211 0.7 0 0.005
0.212 0.283 0 0.005
0.213 0.535 0 0.005
0.214 0.172 0 0.005
0.214 0.369 0 0.005
0.214 0.735 0 0.005
0.215 0.056 0 0.005
0.215 0.392 0 0.005
0.215 0.808 0 0.005
0.216 0.316 0 0.005
0.216 0.331 0 0.005
0.216 0.913 0 0.005
0.217 0.096 0 0.005
0.217 0.207 0 0.005
0.217 0.797 0 0.005
0.219 0.01 0 0.005
0.219 0.086 0 0.005
0.22 0.351 0 0.005
0.22 0.886 0 0.005
0.22 0.989 0 0.005
0.221 0.306 0 0.005
0.222 0.259 0 0.005
0.222 0.608 0 0.005
0.222 0.729 0 0.005
0.222 0.954 0 0.005
0.223 0.284 0 0.005
0.223 0.833 0 0.005
0.223 0.966 0 0.005
0.224 0.186 0 0.005
0.224 0.217 0 0.005
0.224 0.514 0 0.005
0.224 0.768 0 0.005
0.224 0.819 0 0.005
0.225 0.718 0 0.005
0.226 0.172 0 0.005
0.226 0.525 0 0.005
0.226 0.755 0 0.005
0.226 0.809 0 0.005
0.227 0.476 0 0.005
0.227 0.5 0 0.005
0.227 0.625 0 0.005
0.227 0.9 0 0.005
0.228 0.377 0 0.005
0.229 0.028 0 0.005
0.229 0.314 0 0.005
0.229 0.692 0 0.005
0.23 0.094 0 0.005
0.23 0.667 0 0.005
0.23 0.987 0 0.005
0.231 0.423 0 0.005
0.232 0.009 0 0.005
0.232 0.577 0 0.005
0.232 0.927 0 0.005
0.233 0.255 0 0.005
0.234 0.068 0 0.005
0.234 0.438 0 0.005
0.234 0.977 0 0.005
0.235 0.152 0 0.005
0.235 0.186 0 0.005
0.235 0.635 0 0.005
0.236 0.802 0 0.005
0.237 0.169 0 0.005
0.237 0.286 0 0.005
0.237 0.302 0 0.005
0.237 0.65 0 0.005
0.238 0.511 0 0.005
0.239 0.325 0 0.005
0.239 0.744 0 0.005
0.24 0.222 0 0.005
0.24 0.72 0 0.005
0.241 0.363 0 0.005
0.241 0.853 0 0.005
0.242 0.09 0 0.005
0.242 0.68 0 0.005
0.242 0.792 0 0.005
0.242 0.991 0 0.005
0.243 0.235 0 0.005
0.243 0.379 0 0.005
0.243 0.594 0 0.005
0.243 0.765 0 0.005
0.244 0.212 0 0.005
0.244 0.252 0 0.005
0.244 0.335 0 0.005
0.244 0.345 0 0.005
0.244 0.542 0 0.005
0.245 0.109 0 0.005
0.245 0.131 0 0.005
0.246 0.267 0 0.005
0.247 0.009 0 0.005
0.247 0.463 0 0.005
0.247 0.506 0 0.005
0.247 0.939 0 0.005
0.248 0.577 0 0.005
0.249 0.82 0 0.005
0.25 0.122 0 0.005
0.25 0.866 0 0.005
0.25 0.95 0 0.005
0.251 0.02 0 0.005
0.251 0.056 0 0.005
0.251 0.141 0 0.005
0.251 0.294 0 0.005
0.251 0.402 0 0.005
0.251 0.637 0 0.005
0.251 0.666 0 0.005
0.251 0.706 0 0.005
0.252 0.515 0 0.005
0.252 0.96 0 0.005
0.253 0.176 0 0.005
0.255 0.281 0 0.005
0.255 0.315 0 0.005
0.255 0.361 0 0.005
0.255 0.454 0 0.005
0.256 0.043 0 0.005
0.256 0.496 0 0.005
0.256 0.606 0 0.005
0.257 0.085 0 0.005
0.257 0.189 0 0.005
0.257 0.23 0 0.005
0.257 0.473 0 0.005
0.258 0.338 0 0.005
0.258 0.554 0 0.005
0.259 0.165 0 0.005
0.259 0.24 0 0.005
0.259 0.789 0 0.005
0.259 0.816 0 0.005
0.26 0.376 0 0.005
0.26 0.989 0 0.005
0.261 0.759 0 0.005
0.262 0.094 0 0.005
0.262 0.433 0 0.005
0.262 0.444 0 0.005
0.263 0.012 0 0.005
0.263 0.031 0 0.005
0.263 0.199 0 0.005
0.263 0.215 0 0.005
0.263 0.401 0 0.005
0.264 0.253 0 0.005
0.264 0.845 0 0.005
0.265 0.324 0 0.005
0.265 0.774 0 0.005
0.265 0.943 0 0.005
0.267 0.076 0 0.005
0.267 0.669 0 0.005
0.268 0.421 0 0.005
0.268 0.463 0 0.005
0.268 0.738 0 0.005
0.269 0.243 0 0.005
0.27 0.36 0 0.005
0.27 0.577 0 0.005
0.271 0.719 0 0.005
0.271 0.753 0 0.005
0.271 0.807 0 0.005
0.271 0.837 0 0.005
0.271 0.856 0 0.005
0.272 0.312 0 0.005
0.272 0.657 0 0.005
0.273 0.021 0 0.005
0.273 0.383 0 0.005
0.273 0.499 0 0.005
0.273 0.822 0 0.005
0.274 0.16 0 0.005
0.274 0.287 0 0.005
0.274 0.549 0 0.005
0.274 0.705 0 0.005
0.275 0.177 0 0.005
0.275 0.254 0 0.005
0.275 0.342 0 0.005
0.276 0.05 0 0.005
0.276 0.52 0 0.005
0.276 0.788 0 0.005
0.276 0.949 0 0.005
0.277 0.105 0 0.005
0.277 0.229 0 0.005
0.277 0.618 0 0.005
0.277 0.967 0 0.005
0.278 0.084 0 0.005
0.279 0.138 0 0.005
0.279 0.205 0 0.005
0.279 0.983 0 0.005
0.28 0.392 0 0.005
0.28 0.765 0 0.005
0.281 0.731 0 0.005
0.281 0.776 0 0.005
0.282 0.241 0 0.005
0.282 0.509 0 0.005
0.283 0.017 0 0.005
0.283 0.165 0 0.005
0.283 0.447 0 0.005
0.284 0.115 0 0.005
0.284 0.303 0 0.005
0.284 0.68 0 0.005
0.284 0.851 0 0.005
0.285 0.647 0 0.005
0.285 0.804 0 0.005
0.286 0.043 0 0.005
0.286 0.493 0 0.005
0.286 0.92 0 0.005
0.287 0.479 0 0.005
0.288 0.266 0 0.005
0.288 0.709 0 0.005
0.289 0.055 0 0.005
0.289 0.173 0 0.005
0.289 0.579 0 0.005
0.289 0.636 0 0.005
0.29 0.361 0 0.005
0.29 0.424 0 0.005
0.29 0.538 0 0.005
0.29 0.907 0 0.005
0.291 0.62 0 0.005
0.291 0.951 0 0.005
0.292 0.414 0 0.005
0.292 0.508 0 0.005
0.292 0.845 0 0.005
0.293 0.217 0 0.005
0.293 0.391 0 0.005
0.293 0.519 0 0.005
0.294 0.325 0 0.005
0.294 0.685 0 0.005
0.295 0.014 0 0.005
0.295 0.243 0 0.005
0.295 0.669 0 0.005
0.296 0.558 0 0.005
0.296 0.756 0 0.005
0.296 0.802 0 0.005
0.297 0.594 0 0.005
0.297 0.612 0 0.005
0.298 0.253 0 0.005
0.298 0.431 0 0.005
0.298 0.833 0 0.005
0.299 0.088 0 0.005
0.299 0.457 0 0.005
0.299 0.647 0 0.005
0.299 0.98 0 0.005
0.3 0.047 0 0.005
0.3 0.192 0 0.005
0.3 0.28 0 0.005
0.3 0.339 0 0.005
0.3 0.365 0 0.005
0.3 0.925 0 0.005
0.301 0.132 0 0.005
0.301 0.162 0 0.005
0.301 0.713 0 0.005
0.302 0.15 0 0.005
0.302 0.503 0 0.005
0.303 0.723 0 0.005
0.303 0.769 0 0.005
0.303 0.881 0 0.005
0.304 0.402 0 0.005
0.304 0.539 0 0.005
0.304 0.788 0 0.005
0.305 0.033 0 0.005
0.306 0.27 0 0.005
0.306 0.316 0 0.005
0.306 0.382 0 0.005
0.307 0.845 0 0.005
0.308 0.526 0 0.005
0.308 0.991 0 0.005
0.309 0.453 0 0.005
0.309 0.645 0 0.005
0.309 0.689 0 0.005
0.309 0.82 0 0.005
0.31 0.174 0 0.005
0.31 0.677 0 0.005
0.31 0.703 0 0.005
0.311 0.064 0 0.005
0.311 0.856 0 0.005
0.311 0.959 0 0.005
0.312 0.494 0 0.005
0.313 0.083 0 0.005
0.313 0.292 0 0.005
0.313 0.33 0 0.005
0.313 0.35 0 0.005
0.313 0.969 0 0.005
0.314 0.002719298245614035 0 0.005
0.314 0.014 0 0.005
0.314 0.601 0 0.005
0.314 0.8 0 0.005
0.315 0.217 0 0.005
0.316 0.139 0 0.005
0.316 0.768 0 0.005
0.317 0.899 0 0.005
0.317 0.9956875 0 0.005
0.318 0.19 0 0.005
0.318 0.567 0 0.005
0.318 0.83 0 0.005
0.319 0.407 0 0.005
0.319 0.465 0 0.005
0.319 0.881 0 0.005
0.32 0.42 0 0.005
0.32 0.555 0 0.005
0.321 0.44 0 0.005
0.321 0.782 0 0.005
0.322 0.075 0 0.005
0.322 0.129 0 0.005
0.322 0.147 0 0.005
0.322 0.373 0 0.005
0.322 0.391 0 0.005
0.322 0.588 0 0.005
0.323 0.09 0 0.005
0.323 0.181 0 0.005
0.323 0.31 0 0.005
0.323 0.527 0 0.005
0.323 0.64 0 0.005
0.322 0.0 0 0.005
0.324 0.01 0 0.005
0.324 0.115 0 0.005
0.324 0.68 0 0.005
0.324 0.84 0 0.005
0.326 0.025 0 0.005
0.326 0.69 0 0.005
0.326 0.86 0 0.005
0.327 0.048 0 0.005
0.327 0.205 0 0.005
0.327 0.223 0 0.005
0.327 0.357 0 0.005
0.328 0.165 0 0.005
0.328 0.616 0 0.005
0.328 0.715 0 0.005
0.328 0.904 0 0.005
0.329 0.265 0 0.005
0.329 0.488 0 0.005
0.329 0.742 0 0.005
0.329 0.799 0 0.005
0.33 0.433 0 0.005
0.331 0.038 0 0.005
0.331 0.403 0 0.005
0.332 0.564 0 0.005
0.334 0.136 0 0.005
0.334 0.283 0 0.005
0.334 0.322 0 0.005
0.335 0.23 0 0.005
0.335 0.752 0 0.005
0.336 0.024 0 0.005
0.336 0.154 0 0.005
0.336 0.171 0 0.005
0.336 0.374 0 0.005
0.337 0.188 0 0.005
0.337 0.423 0 0.005
0.337 0.681 0 0.005
0.337 0.919 0 0.005
0.337 0.992 0 0.005
0.338 0.053 0 0.005
0.338 0.501 0 0.005
0.338 0.58 0 0.005
0.339 0.546 0 0.005
0.34 0.903 0 0.005
0.341 0.262 0 0.005
0.341 0.47 0 0.005
0.342 0.46 0 0.005
0.342 0.715 0 0.005
0.342 0.761 0 0.005
0.343 0.393 0 0.005
0.343 0.403 0 0.005
0.343 0.967 0 0.005
0.344 0.349 0 0.005
0.344 0.48 0 0.005
0.344 0.866 0 0.005
0.345 0.303 0 0.005
0.345 0.447 0 0.005
0.345 0.558 0 0.005
0.346 0.111 0 0.005
0.346 0.141 0 0.005
0.346 0.371 0 0.005
0.346 0.817 0 0.005
0.347 0.074 0 0.005
0.347 0.59 0 0.005
0.348 0.002719298245614035 0 0.005
0.348 0.169 0 0.005
0.348 0.315 0 0.005
0.348 0.36 0 0.005
0.349 0.015 0 0.005
0.349 0.521 0 0.005
0.349 0.725 0 0.005
0.349 0.882 0 0.005
0.35 0.416 0 0.005
0.35 0.695 0 0.005
0.35 0.981 0 0.005
0.351 0.927 0 0.005
0.352 0.098 0 0.005
0.352 0.221 0 0.005
0.352 0.894 0 0.005
0.352 0.94 0 0.005
0.353 0.132 0 0.005
0.353 0.275 0 0.005
0.353 0.644 0 0.005
0.353 0.715 0 0.005
0.354 0.085 0 0.005
0.354 0.393 0 0.005
0.354 0.77 0 0.005
0.354 0.823 0 0.005
0.355 0.244 0 0.005
0.355 0.435 0 0.005
0.355 0.677 0 0.005
0.357 0.156 0 0.005
0.357 0.178 0 0.005
0.357 0.534 0 0.005
0.357 0.575 0 0.005
0.357 0.59 0 0.005
0.357 0.78 0 0.005
0.357 0.845 0 0.005
0.358 0.0012666666666666666 0 0.005
0.358 0.141 0 0.005
0.358 0.189 0 0.005
0.358 0.552 0 0.005
0.358 0.663 0 0.005
0.358 0.803 0 0.005
0.359 0.287 0 0.005
0.359 0.872 0 0.005
0.36 0.028 0 0.005
0.36 0.31 0 0.005
0.36 0.705 0 0.005
0.36 0.79 0 0.005
0.36 0.912 0 0.005
0.362 0.056 0 0.005
0.362 0.166 0 0.005
0.362 0.894 0 0.005
0.363 0.486 0 0.005
0.364 0.269 0 0.005
0.364 0.384 0 0.005
0.365 0.221 0 0.005
0.365 0.816 0 0.005
0.366 0.508 0 0.005
0.366 0.651 0 0.005
0.366 0.733 0 0.005
0.366 0.928 0 0.005
0.367 0.093 0 0.005
0.367 0.562 0 0.005
0.367 0.832 0 0.005
0.367 0.975 0 0.005
0.368 0.078 0 0.005
0.368 0.848 0 0.005
0.369 0.408 0 0.005
0.369 0.858 0 0.005
0.369 0.902 0 0.005
0.369 0.94 0 0.005
0.369 0.99 0 0.005
0.37 0.324 0 0.005
0.371 0.247 0 0.005
0.371 0.718 0 0.005
0.372 0.0033125 0 0.005
0.372 0.062 0 0.005
0.372 0.237 0 0.005
0.372 0.741 0 0.005
0.373 0.036 0 0.005
0.373 0.276 0 0.005
0.373 0.915 0 0.005
0.374 0.144 0 0.005
0.374 0.35 0 0.005
0.374 0.363 0 0.005
0.374 0.418 0 0.005
0.374 0.661 0 0.005
0.374 0.779 0 0.005
0.375 0.388 0 0.005
0.375 0.481 0 0.005
0.376 0.578 0 0.005
0.376 0.602 0 0.005
0.376 0.76 0 0.005
0.376 0.801 0 0.005
0.376 0.888 0 0.005
0.377 0.208 0 0.005
0.377 0.497 0 0.005
0.378 0.647 0 0.005
0.379 0.111 0 0.005
0.379 0.254 0 0.005
0.379 0.675 0 0.005
0.38 0.98 0 0.005
0.381 0.164 0 0.005
0.381 0.196 0 0.005
0.381 0.941 0 0.005
0.382 0.734 0 0.005
0.382 0.842 0 0.005
0.383 0.381 0 0.005
0.384 0.177 0 0.005
0.384 0.77 0 0.005
0.385 0.81 0 0.005
0.385 0.912 0 0.005
0.388 0.072 0 0.005
0.388 0.465 0 0.005
0.388 0.546 0 0.005
0.388 0.601 0 0.005
0.388 0.756 0 0.005
0.388 0.956 0 0.005
0.388 0.987 0 0.005
0.389 0.367 0 0.005
0.389 0.424 0 0.005
0.389 0.535 0 0.005
0.389 0.644 0 0.005
0.389 0.831 0 0.005
0.39 0.004 0 0.005
0.391 0.213 0 0.005
0.391 0.41 0 0.005
0.391 0.44 0 0.005
0.391 0.682 0 0.005
0.392 0.285 0 0.005
0.392 0.311 0 0.005
0.392 0.518 0 0.005
0.393 0.355 0 0.005
0.393 0.387 0 0.005
0.393 0.74 0 0.005
0.393 0.932 0 0.005
0.394 0.18 0 0.005
0.394 0.3 0 0.005
0.394 0.498 0 0.005
0.394 0.561 0 0.005
0.394 0.694 0 0.005
0.395 0.629 0 0.005
0.395 0.909 0 0.005
0.396 0.013 0 0.005
0.396 0.111 0 0.005
0.396 0.337 0 0.005
0.396 0.8 0 0.005
0.396 0.871 0 0.005
0.396 0.974 0 0.005
0.397 0.042 0 0.005
0.397 0.474 0 0.005
0.397 0.778 0 0.005
0.398 0.093 0 0.005
0.398 0.485 0 0.005
0.399 0.946 0 0.005
0.4 0.083 0 0.005
0.4 0.251 0 0.005
0.4 0.264 0 0.005
0.4 0.715 0 0.005
0.4 0.728 0 0.005
0.401 0.393 0 0.005
0.401 0.597 0 0.005
0.401 0.9967708333333334 0 0.005
0.402 0.196 0 0.005
0.402 0.375 0 0.005
0.403 0.125 0 0.005
0.403 0.786 0 0.005
0.404 0.058 0 0.005
0.404 0.275 0 0.005
0.404 0.532 0 0.005
0.404 0.697 0 0.005
0.405 0.435 0 0.005
0.405 0.569 0 0.005
0.405 0.984 0 0.005
0.406 0.292 0 0.005
0.406 0.313 0 0.005
0.406 0.512 0 0.005
0.406 0.552 0 0.005
0.406 0.974 0 0.005
0.407 0.234 0 0.005
0.407 0.469 0 0.005
0.407 0.769 0 0.005
0.408 0.171 0 0.005
0.408 0.341 0 0.005
0.408 0.679 0 0.005
0.408 0.824 0 0.005
0.409 0.011 0 0.005
0.409 0.802 0 0.005
0.409 0.867 0 0.005
0.41 0.045 0 0.005
0.41 0.244 0 0.005
0.41 0.584 0 0.005
0.41 0.845 0 0.005
0.41 0.906 0 0.005
0.411 0.36 0 0.005
0.412 0.633 0 0.005
0.412 0.877 0 0.005
0.412 0.924 0 0.005
0.413 0.087 0 0.005
0.413 0.147 0 0.005
0.413 0.478 0 0.005
0.414 0.101 0 0.005
0.414 0.349 0 0.005
0.414 0.423 0 0.005
0.414 0.689 0 0.005
0.415 0.371 0 0.005
0.415 0.607 0 0.005
0.415 0.623 0 0.005
0.415 0.659 0 0.005
0.416 0.299 0 0.005
0.416 0.957 0 0.005
0.417 0.233 0 0.005
0.417 0.575 0 0.005
0.418 0.557 0 0.005
0.418 0.892 0 0.005
0.419 0.837 0 0.005
0.42 0.035 0 0.005
0.42 0.269 0 0.005
0.42 0.328 0 0.005
0.42 0.432 0 0.005
0.42 0.447 0 0.005
0.42 0.543 0 0.005
0.421 0.712 0 0.005
0.422 0.052 0 0.005
0.422 0.175 0 0.005
0.422 0.863 0 0.005
0.423 0.914 0 0.005
0.423 0.939 0 0.005
0.424 0.025 0 0.005
0.424 0.257 0 0.005
0.424 0.379 0 0.005
0.424 0.467 0 0.005
0.424 0.755 0 0.005
0.425 0.142 0 0.005
0.425 0.399 0 0.005
0.425 0.741 0 0.005
0.425 0.847 0 0.005
0.426 0.011 0 0.005
0.426 0.82 0 0.005
0.427 0.119 0 0.005
0.427 0.517 0 0.005
0.427 0.53 0 0.005
0.427 0.659 0 0.005
0.428 0.063 0 0.005
0.428 0.314 0 0.005
0.429 0.367 0 0.005
0.429 0.488 0 0.005
0.429 0.777 0 0.005
0.429 0.959 0 0.005
0.43 0.355 0 0.005
0.43 0.717 0 0.005
0.431 0.23 0 0.005
0.431 0.327 0 0.005
0.431 0.39 0 0.005
0.431 0.411 0 0.005
0.431 0.589 0 0.005
0.431 0.707 0 0.005
0.431 0.89 0 0.005
0.431 0.92 0 0.005
0.432 0.131 0 0.005
0.432 0.203 0 0.005
0.433 0.034 0 0.005
0.433 0.432 0 0.005
0.433 0.444 0 0.005
0.433 0.456 0 0.005
0.434 0.22 0 0.005
0.434 0.568 0 0.005
0.434 0.645 0 0.005
0.434 0.731 0 0.005
0.434 0.804 0 0.005
0.435 0.503 0 0.005
0.437 0.249 0 0.005
0.437 0.668 0 0.005
0.437 0.754 0 0.005
0.438 0.055 0 0.005
0.438 0.266 0 0.005
0.438 0.523 0 0.005
0.439 0.835 0 0.005
0.44 0.112 0 0.005
0.44 0.633 0 0.005
0.44 0.716 0 0.005
0.44 0.873 0 0.005
0.441 0.008 0 0.005
0.441 0.323 0 0.005
0.441 0.772 0 0.005
0.442 0.144 0 0.005
0.442 0.157 0 0.005
0.443 0.685 0 0.005
0.444 0.552 0 0.005
0.444 0.744 0 0.005
0.444 0.983 0 0.005
0.444 0.996280701754386 0 0.005
0.445 0.076 0 0.005
0.445 0.219 0 0.005
0.445 0.435 0 0.005
0.445 0.534 0 0.005
0.445 0.696 0 0.005
0.445 0.786 0 0.005
0.446 0.097 0 0.005
0.446 0.6 0 0.005
0.447 0.419 0 0.005
0.448 0.172 0 0.005
0.448 0.182 0 0.005
0.448 0.244 0 0.005
0.448 0.291 0 0.005
0.448 0.517 0 0.005
0.448 0.723 0 0.005
0.45 0.026 0 0.005
0.45 0.086 0 0.005
0.45 0.804 0 0.005
0.451 0.258 0 0.005
0.451 0.61 0 0.005
0.451 0.833 0 0.005
0.452 0.137 0 0.005
0.452 0.31 0 0.005
0.452 0.656 0 0.005
0.452 0.713 0 0.005
0.453 0.762 0 0.005
0.454 0.329 0 0.005
0.454 0.942 0 0.005
0.454 0.957 0 0.005
0.454 0.967 0 0.005
0.455 0.009 0 0.005
0.455 0.153 0 0.005
0.455 0.281 0 0.005
0.455 0.449 0 0.005
0.455 0.479 0 0.005
0.455 0.579 0 0.005
0.455 0.633 0 0.005
0.455 0.79 0 0.005
0.455 0.875 0 0.005
0.456 0.045 0 0.005
0.456 0.592 0 0.005
0.456 0.979 0 0.005
0.457 0.099 0 0.005
0.457 0.201 0 0.005
0.457 0.496 0 0.005
0.457 0.851 0 0.005
0.458 0.373 0 0.005
0.458 0.748 0 0.005
0.458 0.89 0 0.005
0.461 0.358 0 0.005
0.461 0.548 0 0.005
0.462 0.423 0 0.005
0.462 0.66 0 0.005
0.462 0.734 0 0.005
0.463 0.62 0 0.005
0.463 0.913 0 0.005
0.464 0.055 0 0.005
0.464 0.398 0 0.005
0.464 0.535 0 0.005
0.464 0.836 0 0.005
0.464 0.99 0 0.005
0.465 0.018 0 0.005
0.465 0.335 0 0.005
0.465 0.346 0 0.005
0.465 0.809 0 0.005
0.466 0.774 0 0.005
0.467 0.006 0 0.005
0.467 0.22 0 0.005
0.467 0.56 0 0.005
0.468 0.028 0 0.005
0.468 0.695 0 0.005
0.468 0.826 0 0.005
0.468 0.883 0 0.005
0.469 0.476 0 0.005
0.469 0.639 0 0.005
0.469 0.797 0 0.005
0.47 0.232 0 0.005
0.47 0.711 0 0.005
0.471 0.194 0 0.005
0.471 0.674 0 0.005
0.471 0.742 0 0.005
0.472 0.106 0 0.005
0.472 0.313 0 0.005
0.472 0.372 0 0.005
0.472 0.61 0 0.005
0.472 0.785 0 0.005
0.473 0.142 0 0.005
0.474 0.326 0 0.005
0.474 0.969 0 0.005
0.475 0.389 0 0.005
0.475 0.42 0 0.005
0.475 0.752 0 0.005
0.475 0.892 0 0.005
0.475 0.908 0 0.005
0.475 0.936 0 0.005
0.476 0.502 0 0.005
0.476 0.629 0 0.005
0.476 0.721 0 0.005
0.477 0.485 0 0.005
0.477 0.598 0 0.005
0.478 0.015 0 0.005
0.478 0.029 0 0.005
0.478 0.151 0 0.005
0.478 0.343 0 0.005
0.478 0.689 0 0.005
0.478 0.82 0 0.005
0.478 0.99 0 0.005
0.479 0.208 0 0.005
0.479 0.262 0 0.005
0.479 0.7 0 0.005
0.479 0.764 0 0.005
0.479 0.861 0 0.005
0.48 0.177 0 0.005
0.48 0.291 0 0.005
0.48 0.472 0 0.005
0.48 0.646 0 0.005
0.481 0.437 0 0.005
0.481 0.534 0 0.005
0.481 0.959 0 0.005
0.482 0.164 0 0.005
0.482 0.222 0 0.005
0.483 0.572 0 0.005
0.483 0.621 0 0.005
0.484 0.044 0 0.005
0.484 0.247 0 0.005
0.484 0.851 0 0.005
0.485 0.071 0 0.005
0.485 0.114 0 0.005
0.485 0.275 0 0.005
0.485 0.448 0 0.005
0.485 0.793 0 0.005
0.485 0.836 0 0.005
0.486 0.145 0 0.005
0.486 0.335 0 0.005
0.486 0.523 0 0.005
0.487 0.922 0 0.005
0.488 0.018 0 0.005
0.488 0.126 0 0.005
0.488 0.462 0 0.005
0.488 0.809 0 0.005
0.488 0.971 0 0.005
0.489 0.233 0 0.005
0.489 0.553 0 0.005
0.489 0.739 0 0.005
0.49 0.419 0 0.005
0.49 0.989 0 0.005
0.491 0.086 0 0.005
0.491 0.097 0 0.005
0.491 0.388 0 0.005
0.491 0.652 0 0.005
0.491 0.877 0 0.005
0.492 0.061 0 0.005
0.492 0.203 0 0.005
0.492 0.214 0 0.005
0.492 0.908 0 0.005
0.494 0.328 0 0.005
0.494 0.571 0 0.005
0.495 0.931 0 0.005
0.496 0.109 0 0.005
0.496 0.522 0 0.005
0.496 0.702 0 0.005
0.497 0.67 0 0.005
0.497 0.779 0 0.005
0.498 0.07 0 0.005
0.498 0.168 0 0.005
0.498 0.588 0 0.005
0.499 0.446 0 0.005
0.499 0.617 0 0.005
0.5 0.481 0 0.005
0.501 0.733 0 0.005
0.502 0.185 0 0.005
0.503 0.082 0 0.005
0.503 0.629 0 0.005
0.503 0.642 0 0.005
0.503 0.792 0 0.005
0.503 0.829 0 0.005
0.504 0.342 0 0.005
0.505 0.864 0 0.005
0.506 0.24 0 0.005
0.506 0.317 0 0.005
0.506 0.38 0 0.005
0.506 0.456 0 0.005
0.506 0.896 0 0.005
0.507 0.098 0 0.005
0.507 0.137 0 0.005
0.507 0.703 0 0.005
0.508 0.024 0 0.005
0.508 0.149 0 0.005
0.508 0.575 0 0.005
0.508 0.61 0 0.005
0.508 0.839 0 0.005
0.509 0.201 0 0.005
0.509 0.849 0 0.005
0.51 0.112 0 0.005
0.51 0.397 0 0.005
0.511 0.07 0 0.005
0.511 0.305 0 0.005
0.512 0.225 0 0.005
0.512 0.352 0 0.005
0.512 0.52 0 0.005
0.512 0.548 0 0.005
0.512 0.745 0 0.005
0.513 0.532 0 0.005
0.513 0.761 0 0.005
0.513 0.996280701754386 0 0.005
0.514 0.09 0 0.005
0.514 0.214 0 0.005
0.514 0.292 0 0.005
0.515 0.128 0 0.005
0.515 0.442 0 0.005
0.516 0.833 0 0.005
0.516 0.893 0 0.005
0.517 0.274 0 0.005
0.517 0.561 0 0.005
0.517 0.603 0 0.005
0.518 0.253 0 0.005
0.518 0.465 0 0.005
0.518 0.873 0 0.005
0.518 0.934 0 0.005
0.519 0.363 0 0.005
0.519 0.422 0 0.005
0.519 0.91 0 0.005
0.519 0.922 0 0.005
0.519 0.973 0 0.005
0.52 0.048 0 0.005
0.52 0.674 0 0.005
0.52 0.863 0 0.005
0.521 0.158 0 0.005
0.521 0.51 0 0.005
0.522 0.329 0 0.005
0.522 0.349 0 0.005
0.522 0.703 0 0.005
0.522 0.779 0 0.005
0.523 0.312 0 0.005
0.523 0.403 0 0.005
0.523 0.841 0 0.005
0.524 0.19 0 0.005
0.524 0.244 0 0.005
0.525 0.287 0 0.005
0.526 0.18 0 0.005
0.526 0.266 0 0.005
0.526 0.815 0 0.005
0.527 0.53 0 0.005
0.528 0.112 0 0.005
0.528 0.662 0 0.005
0.529 0.126 0 0.005
0.529 0.613 0 0.005
0.53 0.426 0 0.005
0.53 0.728 0 0.005
0.531 0.027 0 0.005
0.531 0.414 0 0.005
0.531 0.76 0 0.005
0.531 0.96 0 0.005
0.532 0.391 0 0.005
0.532 0.569 0 0.005
0.532 0.867 0 0.005
0.533 0.013 0 0.005
0.533 0.355 0 0.005
0.533 0.365 0 0.005
0.533 0.515 0 0.005
0.533 0.653 0 0.005
0.535 0.314 0 0.005
0.535 0.38 0 0.005
0.535 0.673 0 0.005
0.535 0.737 0 0.005
0.535 0.834 0 0.005
0.536 0.297 0 0.005
0.536 0.495 0 0.005
0.537 0.158 0 0.005
0.538 0.136 0 0.005
0.538 0.588 0 0.005
0.538 0.898 0 0.005
0.539 0.609 0 0.005
0.539 0.69 0 0.005
0.539 0.882 0 0.005
0.54 0.069 0 0.005
0.54 0.782 0 0.005
0.541 0.044 0 0.005
0.541 0.427 0 0.005
0.541 0.796 0 0.005
0.541 0.964 0 0.005
0.542 0.007 0 0.005
0.542 0.173 0 0.005
0.542 0.54 0 0.005
0.542 0.729 0 0.005
0.542 0.758 0 0.005
0.543 0.109 0 0.005
0.543 0.191 0 0.005
0.543 0.526 0 0.005
0.543 0.708 0 0.005
0.543 0.868 0 0.005
0.543 0.948 0 0.005
0.543 0.978 0 0.005
0.543 0.995 0 0.005
0.544 0.657 0 0.005
0.545 0.637 0 0.005
0.545 0.745 0 0.005
0.546 0.28 0 0.005
0.547 0.267 0 0.005
0.547 0.475 0 0.005
0.549 0.562 0 0.005
0.55 0.021 0 0.005
0.55 0.243 0 0.005
0.55 0.419 0 0.005
0.55 0.514 0 0.005
0.55 0.72 0 0.005
0.551 0.164 0 0.005
0.551 0.49 0 0.005
0.551 0.677 0 0.005
0.551 0.689 0 0.005
0.551 0.8 0 0.005
0.552 0.085 0 0.005
0.552 0.321 0 0.005
0.552 0.577 0 0.005
0.552 0.617 0 0.005
0.552 0.645 0 0.005
0.552 0.958 0 0.005
0.553 0.054 0 0.005
0.553 0.452 0 0.005
0.553 0.552 0 0.005
0.554 0.341 0 0.005
0.555 0.131 0 0.005
0.555 0.389 0 0.005
0.555 0.43 0 0.005
0.556 0.213 0 0.005
0.556 0.283 0 0.005
0.556 0.919 0 0.005
0.557 0.762 0 0.005
0.557 0.94 0 0.005
0.558 0.013 0 0.005
0.558 0.116 0 0.005
0.558 0.747 0 0.005
0.558 0.865 0 0.005
0.558 0.976 0 0.005
0.559 0.654 0 0.005
0.56 0.815 0 0.005
0.561 0.594 0 0.005
0.562 0.078 0 0.005
0.562 0.091 0 0.005
0.562 0.265 0 0.005
0.562 0.504 0 0.005
0.562 0.578 0 0.005
0.562 0.781 0 0.005
0.563 0.851 0 0.005
0.563 0.896 0 0.005
0.564 0.368 0 0.005
0.565 0.712 0 0.005
0.566 0.127 0 0.005
0.566 0.332 0 0.005
0.566 0.644 0 0.005
0.566 0.737 0 0.005
0.567 0.347 0 0.005
0.567 0.625 0 0.005
0.567 0.919 0 0.005
0.568 0.872 0 0.005
0.568 0.947 0 0.005
0.569 0.83 0 0.005
0.57 0.108 0 0.005
0.57 0.584 0 0.005
0.57 0.861 0 0.005
0.571 0.043 0 0.005
0.571 0.197 0 0.005
0.571 0.21 0 0.005
0.571 0.239 0 0.005
0.571 0.532 0 0.005
0.571 0.561 0 0.005
0.572 0.139 0 0.005
0.572 0.288 0 0.005
0.572 0.493 0 0.005
0.572 0.906 0 0.005
0.573 0.3 0 0.005
0.573 0.472 0 0.005
0.573 0.686 0 0.005
0.574 0.435 0 0.005
0.574 0.991 0 0.005
0.575 0.359 0 0.005
0.575 0.408 0 0.005
0.576 0.075 0 0.005
0.576 0.7 0 0.005
0.576 0.815 0 0.005
0.577 0.931 0 0.005
0.578 0.719 0 0.005
0.579 0.022 0 0.005
0.579 0.336 0 0.005
0.579 0.644 0 0.005
0.579 0.871 0 0.005
0.58 0.509 0 0.005
0.58 0.622 0 0.005
0.581 0.122 0 0.005
0.581 0.824 0 0.005
0.581 0.944 0 0.005
0.58 0.0 0 0.005
0.582 0.261 0 0.005
0.582 0.669 0 0.005
0.583 0.381 0 0.005
0.583 0.418 0 0.005
0.583 0.458 0 0.005
0.583 0.554 0 0.005
0.584 0.25 0 0.005
0.585 0.094 0 0.005
0.585 0.574 0 0.005
0.585 0.977 0 0.005
0.586 0.058 0 0.005
0.586 0.773 0 0.005
0.587 0.012 0 0.005
0.587 0.187 0 0.005
0.587 0.215 0 0.005
0.587 0.784 0 0.005
0.588 0.307 0 0.005
0.588 0.493 0 0.005
0.588 0.533 0 0.005
0.589 0.592 0 0.005
0.589 0.866 0 0.005
0.589 0.99 0 0.005
0.59 0.271 0 0.005
0.59 0.362 0 0.005
0.59 0.688 0 0.005
0.59 0.709 0 0.005
0.591 0.086 0 0.005
0.591 0.132 0 0.005
0.591 0.753 0 0.005
0.592 0.238 0 0.005
0.592 0.323 0 0.005
0.592 0.896 0 0.005
0.593 0.912 0 0.005
0.595 0.249 0 0.005
0.595 0.291 0 0.005
0.595 0.966 0 0.005
0.596 0.026 0 0.005
0.596 0.067 0 0.005
0.596 0.221 0 0.005
0.596 0.545 0 0.005
0.596 0.564 0 0.005
0.596 0.58 0 0.005
0.597 0.099 0 0.005
0.597 0.344 0 0.005
0.597 0.648 0 0.005
0.598 0.143 0 0.005
0.598 0.471 0 0.005
0.599 0.401 0 0.005
0.599 0.595 0 0.005
0.599 0.677 0 0.005
0.599 0.735 0 0.005
0.6 0.122 0 0.005
0.6 0.173 0 0.005
0.6 0.42 0 0.005
0.6 0.606 0 0.005
0.6 0.782 0 0.005
0.6 0.854 0 0.005
0.601 0.39 0 0.005
0.601 0.461 0 0.005
0.601 0.504 0 0.005
0.601 0.555 0 0.005
0.601 0.77 0 0.005
0.602 0.267 0 0.005
0.602 0.7 0 0.005
0.602 0.887 0 0.005
0.602 0.946 0 0.005
0.603 0.152 0 0.005
0.603 0.362 0 0.005
0.603 0.874 0 0.005
0.604 0.162 0 0.005
0.604 0.536 0 0.005
0.604 0.624 0 0.005
0.604 0.798 0 0.005
0.605 0.011 0 0.005
0.605 0.323 0 0.005
0.605 0.334 0 0.005
0.606 0.918 0 0.005
0.607 0.524 0 0.005
0.607 0.759 0 0.005
0.608 0.028 0 0.005
0.608 0.72 0 0.005
0.608 0.827 0 0.005
0.608 0.845 0 0.005
0.609 0.1 0 0.005
0.609 0.289 0 0.005
0.609 0.307 0 0.005
0.61 0.483 0 0.005
0.61 0.904 0 0.005
0.611 0.429 0 0.005
0.611 0.635 0 0.005
0.611 0.735 0 0.005
0.612 0.174 0 0.005
0.612 0.222 0 0.005
0.612 0.4 0 0.005
0.612 0.455 0 0.005
0.614 0.608 0 0.005
0.615 0.017 0 0.005
0.615 0.041 0 0.005
0.615 0.332 0 0.005
0.615 0.669 0 0.005
0.616 0.194 0 0.005
0.616 0.297 0 0.005
0.616 0.587 0 0.005
0.616 0.696 0 0.005
0.616 0.922 0 0.005
0.617 0.184 0 0.005
0.617 0.801 0 0.005
0.618 0.154 0 0.005
0.618 0.724 0 0.005
0.618 0.784 0 0.005
0.619 0.436 0 0.005
0.619 0.885 0 0.005
0.62 0.524 0 0.005
0.62 0.824 0 0.005
0.62 0.906 0 0.005
0.621 0.114 0 0.005
0.621 0.356 0 0.005
0.621 0.405 0 0.005
0.621 0.862 0 0.005
0.622 0.375 0 0.005
0.622 0.979 0 0.005
0.623 0.417 0 0.005
0.623 0.54 0 0.005
0.623 0.939 0 0.005
0.623 0.955 0 0.005
0.624 0.0012666666666666666 0 0.005
0.624 0.564 0 0.005
0.624 0.631 0 0.005
0.624 0.793 0 0.005
0.625 0.042 0 0.005
0.625 0.454 0 0.005
0.625 0.552 0 0.005
0.626 0.021 0 0.005
0.626 0.305 0 0.005
0.626 0.575 0 0.005
0.627 0.079 0 0.005
0.627 0.122 0 0.005
0.627 0.283 0 0.005
0.627 0.43 0 0.005
0.627 0.588 0 0.005
0.628 0.161 0 0.005
0.628 0.294 0 0.005
0.628 0.498 0 0.005
0.629 0.32 0 0.005
0.629 0.646 0 0.005
0.629 0.816 0 0.005
0.63 0.051 0 0.005
0.63 0.967 0 0.005
0.631 0.609 0 0.005
0.631 0.886 0 0.005
0.631 0.991 0 0.005
0.632 0.771 0 0.005
0.632 0.95 0 0.005
0.633 0.111 0 0.005
0.633 0.447 0 0.005
0.633 0.51 0 0.005
0.633 0.523 0 0.005
0.633 0.903 0 0.005
0.634 0.007 0 0.005
0.634 0.218 0 0.005
0.634 0.864 0 0.005
0.635 0.536 0 0.005
0.635 0.654 0 0.005
0.635 0.932 0 0.005
0.636 0.192 0 0.005
0.636 0.486 0 0.005
0.636 0.554 0 0.005
0.637 0.171 0 0.005
0.637 0.333 0 0.005
0.637 0.387 0 0.005
0.637 0.753 0 0.005
0.638 0.784 0 0.005
0.638 0.894 0 0.005
0.639 0.139 0 0.005
0.639 0.593 0 0.005
0.641 0.156 0 0.005
0.641 0.21 0 0.005
0.641 0.23 0 0.005
0.641 0.312 0 0.005
0.641 0.962 0 0.005
0.642 0.365 0 0.005
0.643 0.06 0 0.005
0.643 0.502 0 0.005
0.643 0.719 0 0.005
0.644 0.18 0 0.005
0.644 0.62 0 0.005
0.644 0.95 0 0.005
0.645 0.287 0 0.005
0.645 0.403 0 0.005
0.645 0.415 0 0.005
0.645 0.466 0 0.005
0.645 0.916 0 0.005
0.645 0.984 0 0.005
0.646 0.017 0 0.005
0.646 0.635 0 0.005
0.646 0.805 0 0.005
0.646 0.871 0 0.005
0.647 0.355 0 0.005
0.647 0.815 0 0.005
0.647 0.829 0 0.005
0.647 0.859 0 0.005
0.648 0.379 0 0.005
0.649 0.106 0 0.005
0.649 0.564 0 0.005
0.649 0.653 0 0.005
0.651 0.072 0 0.005
0.651 0.092 0 0.005
0.651 0.205 0 0.005
0.651 0.61 0 0.005
0.651 0.937 0 0.005
0.652 0.171 0 0.005
0.652 0.493 0 0.005
0.652 0.881 0 0.005
0.653 0.842 0 0.005
0.655 0.116 0 0.005
0.655 0.33 0 0.005
0.656 0.772 0 0.005
0.656 0.797 0 0.005
0.656 0.868 0 0.005
0.657 0.182 0 0.005
0.657 0.366 0 0.005
0.658 0.129 0 0.005
0.658 0.159 0 0.005
0.658 0.271 0 0.005
0.658 0.549 0 0.005
0.658 0.673 0 0.005
0.659 0.143 0 0.005
0.659 0.891 0 0.005
0.66 0.42 0 0.005
0.66 0.723 0 0.005
0.66 0.918 0 0.005
0.66 0.985 0 0.005
0.661 0.218 0 0.005
0.661 0.347 0 0.005
0.661 0.438 0 0.005
0.661 0.608 0 0.005
0.661 0.644 0 0.005
0.661 0.654 0 0.005
0.661 0.931 0 0.005
0.661 0.9967708333333334 0 0.005
0.662 0.203 0 0.005
0.663 0.321 0 0.005
0.664 0.54 0 0.005
0.664 0.564 0 0.005
0.665 0.013 0 0.005
0.665 0.171 0 0.005
0.665 0.628 0 0.005
0.666 0.578 0 0.005
0.666 0.749 0 0.005
0.666 0.905 0 0.005
0.667 0.246 0 0.005
0.668 0.036 0 0.005
0.668 0.729 0 0.005
0.669 0.057 0 0.005
0.669 0.445 0 0.005
0.669 0.498 0 0.005
0.669 0.797 0 0.005
0.67 0.109 0 0.005
0.67 0.85 0 0.005
0.671 0.689 0 0.005
0.671 0.758 0 0.005
0.671 0.78 0 0.005
0.672 0.645 0 0.005
0.672 0.741 0 0.005
0.672 0.961 0 0.005
0.673 0.162 0 0.005
0.673 0.357 0 0.005
0.673 0.457 0 0.005
0.673 0.474 0 0.005
0.674 0.002719298245614035 0 0.005
0.674 0.046 0 0.005
0.674 0.533 0 0.005
0.674 0.586 0 0.005
0.674 0.72 0 0.005
0.674 0.946 0 0.005
0.675 0.017 0 0.005
0.675 0.874 0 0.005
0.676 0.432 0 0.005
0.677 0.072 0 0.005
0.678 0.095 0 0.005
0.678 0.919 0 0.005
0.678 0.975 0 0.005
0.679 0.307 0 0.005
0.679 0.67 0 0.005
0.679 0.681 0 0.005
0.679 0.905 0 0.005
0.68 0.708 0 0.005
0.68 0.829 0 0.005
0.68 0.995 0 0.005
0.681 0.149 0 0.005
0.681 0.212 0 0.005
0.681 0.322 0 0.005
0.681 0.546 0 0.005
0.682 0.348 0 0.005
0.682 0.402 0 0.005
0.682 0.468 0 0.005
0.682 0.638 0 0.005
0.683 0.592 0 0.005
0.683 0.78 0 0.005
0.684 0.244 0 0.005
0.684 0.268 0 0.005
0.684 0.862 0 0.005
0.684 0.894 0 0.005
0.685 0.024 0 0.005
0.685 0.058 0 0.005
0.685 0.381 0 0.005
0.685 0.875 0 0.005
0.686 0.112 0 0.005
0.686 0.58 0 0.005
0.687 0.486 0 0.005
0.687 0.691 0 0.005
0.688 0.313 0 0.005
0.688 0.412 0 0.005
0.688 0.664 0 0.005
0.688 0.729 0 0.005
0.688 0.801 0 0.005
0.688 0.821 0 0.005
0.689 0.936 0 0.005
0.69 0.087 0 0.005
0.69 0.445 0 0.005
0.69 0.71 0 0.005
0.69 0.902 0 0.005
0.691 0.917 0 0.005
0.692 0.148 0 0.005
0.692 0.275 0 0.005
0.693 0.752 0 0.005
0.694 0.475 0 0.005
0.694 0.985 0 0.005
0.695 0.032 0 0.005
0.695 0.044 0 0.005
0.695 0.136 0 0.005
0.695 0.349 0 0.005
0.695 0.813 0 0.005
0.695 0.0004166666666666667 0 0.005
0.696 0.013 0 0.005
0.696 0.457 0 0.005
0.697 0.29 0 0.005
0.697 0.835 0 0.005
0.698 0.438 0 0.005
0.698 0.995 0 0.005
0.699 0.109 0 0.005
0.699 0.381 0 0.005
0.699 0.413 0 0.005
0.699 0.518 0 0.005
0.7 0.054 0 0.005
0.7 0.498 0 0.005
0.701 0.242 0 0.005
0.701 0.643 0 0.005
0.701 0.704 0 0.005
0.701 0.861 0 0.005
0.701 0.876 0 0.005
0.701 0.907 0 0.005
0.702 0.213 0 0.005
0.702 0.677 0 0.005
0.703 0.18 0 0.005
0.703 0.194 0 0.005
0.703 0.223 0 0.005
0.703 0.365 0 0.005
0.704 0.093 0 0.005
0.704 0.693 0 0.005
0.704 0.736 0 0.005
0.704 0.808 0 0.005
0.705 0.255 0 0.005
0.705 0.274 0 0.005
0.706 0.133 0 0.005
0.706 0.543 0 0.005
0.706 0.608 0 0.005
0.706 0.665 0 0.005
0.706 0.757 0 0.005
0.707 0.017 0 0.005
0.707 0.92 0 0.005
0.707 0.974 0 0.005
0.708 0.083 0 0.005
0.708 0.341 0 0.005
0.708 0.563 0 0.005
0.709 0.103 0 0.005
0.709 0.285 0 0.005
0.709 0.314 0 0.005
0.709 0.962 0 0.005
0.71 0.04 0 0.005
0.71 0.422 0 0.005
0.711 0.232 0 0.005
0.711 0.529 0 0.005
0.711 0.726 0 0.005
0.711 0.788 0 0.005
0.712 0.326 0 0.005
0.712 0.89 0 0.005
0.713 0.657 0 0.005
0.714 0.22 0 0.005
0.715 0.111 0 0.005
0.715 0.458 0 0.005
0.715 0.86 0 0.005
0.716 0.295 0 0.005
0.716 0.475 0 0.005
0.716 0.497 0 0.005
0.716 0.61 0 0.005
0.716 0.848 0 0.005
0.716 0.912 0 0.005
0.717 0.141 0 0.005
0.717 0.39 0 0.005
0.717 0.838 0 0.005
0.717 0.968 0 0.005
0.717 0.0004166666666666667 0 0.005
0.718 0.355 0 0.005
0.718 0.377 0 0.005
0.718 0.683 0 0.005
0.718 0.739 0 0.005
0.72 0.445 0 0.005
0.72 0.587 0 0.005
0.721 0.016 0 0.005
0.721 0.187 0 0.005
0.721 0.256 0 0.005
0.721 0.714 0 0.005
0.721 0.899 0 0.005
0.722 0.566 0 0.005
0.724 0.095 0 0.005
0.724 0.171 0 0.005
0.724 0.621 0 0.005
0.724 0.692 0 0.005
0.724 0.748 0 0.005
0.724 0.855 0 0.005
0.725 0.831 0 0.005
0.725 0.9956875 0 0.005
0.726 0.362 0 0.005
0.726 0.635 0 0.005
0.727 0.654 0 0.005
0.727 0.666 0 0.005
0.728 0.28 0 0.005
0.728 0.473 0 0.005
0.728 0.793 0 0.005
0.729 0.267 0 0.005
0.729 0.339 0 0.005
0.729 0.436 0 0.005
0.73 0.205 0 0.005
0.73 0.454 0 0.005
0.731 0.012 0 0.005
0.731 0.378 0 0.005
0.731 0.421 0 0.005
0.731 0.781 0 0.005
0.731 0.913 0 0.005
0.731 0.983 0 0.005
0.732 0.022 0 0.005
0.732 0.534 0 0.005
0.732 0.572 0 0.005
0.732 0.717 0 0.005
0.732 0.763 0 0.005
0.733 0.73 0 0.005
0.734 0.227 0 0.005
0.734 0.928 0 0.005
0.735 0.0012666666666666666 0 0.005
0.735 0.042 0 0.005
0.735 0.187 0 0.005
0.735 0.297 0 0.005
0.736 0.316 0 0.005
0.736 0.661 0 0.005
0.737 0.12 0 0.005
0.737 0.552 0 0.005
0.737 0.634 0 0.005
0.737 0.649 0 0.005
0.738 0.153 0 0.005
0.738 0.498 0 0.005
0.739 0.09 0 0.005
0.739 0.141 0 0.005
0.739 0.87 0 0.005
0.74 0.263 0 0.005
0.74 0.37 0 0.005
0.74 0.813 0 0.005
0.741 0.008 0 0.005
0.741 0.36 0 0.005
0.741 0.54 0 0.005
0.741 0.905 0 0.005
0.742 0.675 0 0.005
0.743 0.207 0 0.005
0.743 0.381 0 0.005
0.743 0.982 0 0.005
0.745 0.395 0 0.005
0.745 0.425 0 0.005
0.745 0.559 0 0.005
0.745 0.619 0 0.005
0.745 0.823 0 0.005
0.746 0.241 0 0.005
0.746 0.687 0 0.005
0.746 0.926 0 0.005
0.748 0.329 0 0.005
0.748 0.798 0 0.005
0.748 0.95 0 0.005
0.749 0.273 0 0.005
0.749 0.462 0 0.005
0.749 0.584 0 0.005
0.749 0.779 0 0.005
0.749 0.833 0 0.005
0.749 0.849 0 0.005
0.75 0.078 0 0.005
0.75 0.304 0 0.005
0.75 0.699 0 0.005
0.751 0.012 0 0.005
0.751 0.258 0 0.005
0.751 0.433 0 0.005
0.751 0.541 0 0.005
0.751 0.903 0 0.005
0.752 0.113 0 0.005
0.752 0.599 0 0.005
0.752 0.988 0 0.005
0.753 0.374 0 0.005
0.753 0.63 0 0.005
0.754 0.155 0 0.005
0.754 0.502 0 0.005
0.754 0.67 0 0.005
0.755 0.091 0 0.005
0.755 0.223 0 0.005
0.755 0.289 0 0.005
0.755 0.392 0 0.005
0.755 0.806 0 0.005
0.755 0.919 0 0.005
0.756 0.059 0 0.005
0.756 0.213 0 0.005
0.757 0.13 0 0.005
0.757 0.144 0 0.005
0.757 0.561 0 0.005
0.757 0.687 0 0.005
0.758 0.525 0 0.005
0.758 0.891 0 0.005
0.759 0.331 0 0.005
0.759 0.358 0 0.005
0.759 0.876 0 0.005
0.76 0.119 0 0.005
0.761 0.043 0 0.005
0.761 0.199 0 0.005
0.761 0.734 0 0.005
0.761 0.973 0 0.005
0.762 0.38 0 0.005
0.764 0.488 0 0.005
0.764 0.617 0 0.005
0.765 0.0012666666666666666 0 0.005
0.765 0.697 0 0.005
0.765 0.932 0 0.005
0.766 0.186 0 0.005
0.766 0.516 0 0.005
0.767 0.075 0 0.005
0.767 0.498 0 0.005
0.767 0.531 0 0.005
0.767 0.859 0 0.005
0.768 0.109 0 0.005
0.768 0.552 0 0.005
0.768 0.754 0 0.005
0.769 0.09 0 0.005
0.769 0.794 0 0.005
0.77 0.541 0 0.005
0.77 0.74 0 0.005
0.77 0.962 0 0.005
0.771 0.021 0 0.005
0.771 0.353 0 0.005
0.771 0.813 0 0.005
0.772 0.248 0 0.005
0.772 0.383 0 0.005
0.772 0.434 0 0.005
0.772 0.838 0 0.005
0.773 0.94 0 0.005
0.774 0.226 0 0.005
0.774 0.271 0 0.005
0.774 0.454 0 0.005
0.775 0.464 0 0.005
0.775 0.597 0 0.005
0.775 0.632 0 0.005
0.775 0.869 0 0.005
0.776 0.05 0 0.005
0.776 0.304 0 0.005
0.776 0.398 0 0.005
0.777 0.18 0 0.005
0.777 0.199 0 0.005
0.777 0.289 0 0.005
0.777 0.333 0 0.005
0.777 0.575 0 0.005
0.777 0.644 0 0.005
0.777 0.852 0 0.005
0.777 0.881 0 0.005
0.778 0.727 0 0.005
0.778 0.897 0 0.005
0.776 0.999 0 0.005
0.779 0.621 0 0.005
0.78 0.608 0 0.005
0.781 0.26 0 0.005
0.781 0.552 0 0.005
0.781 0.992 0 0.005
0.782 0.135 0 0.005
0.783 0.066 0 0.005
0.783 0.164 0 0.005
0.783 0.363 0 0.005
0.783 0.8 0 0.005
0.784 0.239 0 0.005
0.784 0.451 0 0.005
0.785 0.417 0 0.005
0.785 0.495 0 0.005
0.785 0.714 0 0.005
0.785 0.747 0 0.005
0.785 0.933 0 0.005
0.786 0.398 0 0.005
0.786 0.946 0 0.005
0.787 0.039 0 0.005
0.787 0.543 0 0.005
0.787 0.641 0 0.005
0.787 0.848 0 0.005
0.788 0.118 0 0.005
0.788 0.193 0 0.005
0.788 0.816 0 0.005
0.788 0.833 0 0.005
0.788 0.967 0 0.005
0.789 0.02 0 0.005
0.789 0.533 0 0.005
0.789 0.761 0 0.005
0.79 0.434 0 0.005
0.79 0.507 0 0.005
0.79 0.678 0 0.005
0.79 0.727 0 0.005
0.791 0.0022291666666666666 0 0.005
0.791 0.263 0 0.005
0.791 0.298 0 0.005
0.791 0.379 0 0.005
0.791 0.59 0 0.005
0.791 0.87 0 0.005
0.792 0.445 0 0.005
0.792 0.888 0 0.005
0.793 0.179 0 0.005
0.793 0.576 0 0.005
0.794 0.052 0 0.005
0.794 0.208 0 0.005
0.794 0.314 0 0.005
0.794 0.409 0 0.005
0.795 0.032 0 0.005
0.795 0.218 0 0.005
0.795 0.516 0 0.005
0.795 0.941 0 0.005
0.796 0.147 0 0.005
0.798 0.463 0 0.005
0.798 0.567 0 0.005
0.798 0.631 0 0.005
0.798 0.784 0 0.005
0.799 0.553 0 0.005
0.799 0.648 0 0.005
0.799 0.684 0 0.005
0.799 0.701 0 0.005
0.799 0.832 0 0.005
0.8 0.196 0 0.005
0.8 0.485 0 0.005
0.8 0.963 0 0.005
0.801 0.435 0 0.005
0.801 0.848 0 0.005
0.802 0.093 0 0.005
0.802 0.415 0 0.005
0.802 0.497 0 0.005
0.804 0.233 0 0.005
0.804 0.807 0 0.005
0.805 0.044 0 0.005
0.805 0.283 0 0.005
0.805 0.293 0 0.005
0.805 0.513 0 0.005
0.805 0.9981904761904762 0 0.005
0.806 0.058 0 0.005
0.806 0.445 0 0.005
0.806 0.721 0 0.005
0.806 0.862 0 0.005
0.807 0.768 0 0.005
0.807 0.974 0 0.005
0.808 0.023 0 0.005
0.808 0.691 0 0.005
0.809 0.643 0 0.005
0.81 0.12 0 0.005
0.81 0.175 0 0.005
0.81 0.201 0 0.005
0.81 0.224 0 0.005
0.81 0.4 0 0.005
0.81 0.56 0 0.005
0.811 0.372 0 0.005
0.811 0.633 0 0.005
0.811 0.937 0 0.005
0.812 0.387 0 0.005
0.814 0.351 0 0.005
0.814 0.611 0 0.005
0.814 0.746 0 0.005
0.814 0.781 0 0.005
0.815 0.08 0 0.005
0.815 0.244 0 0.005
0.815 0.331 0 0.005
0.815 0.9977333333333334 0 0.005
0.816 0.065 0 0.005
0.816 0.104 0 0.005
0.816 0.289 0 0.005
0.816 0.42 0 0.005
0.816 0.762 0 0.005
0.816 0.802 0 0.005
0.816 0.834 0 0.005
0.816 0.881 0 0.005
0.817 0.268 0 0.005
0.817 0.454 0 0.005
0.817 0.721 0 0.005
0.817 0.966 0 0.005
0.818 0.0033125 0 0.005
0.818 0.301 0 0.005
0.818 0.547 0 0.005
0.819 0.465 0 0.005
0.82 0.134 0 0.005
0.821 0.406 0 0.005
0.821 0.695 0 0.005
0.822 0.919 0 0.005
0.823 0.158 0 0.005
0.823 0.736 0 0.005
0.823 0.786 0 0.005
0.824 0.11 0 0.005
0.824 0.478 0 0.005
0.824 0.854 0 0.005
0.825 0.513 0 0.005
0.825 0.533 0 0.005
0.826 0.028 0 0.005
0.826 0.365 0 0.005
0.827 0.072 0 0.005
0.827 0.264 0 0.005
0.827 0.561 0 0.005
0.827 0.612 0 0.005
0.828 0.316 0 0.005
0.829 0.191 0 0.005
0.829 0.38 0 0.005
0.829 0.663 0 0.005
0.829 0.771 0 0.005
0.83 0.135 0 0.005
0.83 0.181 0 0.005
0.83 0.631 0 0.005
0.83 0.862 0 0.005
0.83 0.89 0 0.005
0.83 0.971 0 0.005
0.831 0.346 0 0.005
0.831 0.744 0 0.005
0.831 0.797 0 0.005
0.831 0.88 0 0.005
0.831 0.912 0 0.005
0.832 0.277 0 0.005
0.832 0.33 0 0.005
0.832 0.401 0 0.005
0.832 0.443 0 0.005
0.832 0.581 0 0.005
0.832 0.823 0 0.005
0.832 0.924 0 0.005
0.834 0.1 0 0.005
0.834 0.719 0 0.005
0.835 0.247 0 0.005
0.835 0.29 0 0.005
0.836 0.701 0 0.005
0.837 0.454 0 0.005
0.837 0.48 0 0.005
0.838 0.065 0 0.005
0.838 0.197 0 0.005
0.838 0.509 0 0.005
0.839 0.556 0 0.005
0.84 0.603 0 0.005
0.84 0.751 0 0.005
0.84 0.962 0 0.005
0.841 0.312 0 0.005
0.841 0.678 0 0.005
0.842 0.231 0 0.005
0.842 0.52 0 0.005
0.842 0.767 0 0.005
0.842 0.918 0 0.005
0.843 0.842 0 0.005
0.843 0.855 0 0.005
0.844 0.034 0 0.005
0.844 0.582 0 0.005
0.845 0.245 0 0.005
0.845 0.353 0 0.005
0.845 0.692 0 0.005
0.846 0.08 0 0.005
0.846 0.323 0 0.005
0.846 0.379 0 0.005
0.846 0.624 0 0.005
0.846 0.78 0 0.005
0.847 0.045 0 0.005
0.847 0.107 0 0.005
0.847 0.187 0 0.005
0.847 0.273 0 0.005
0.847 0.398 0 0.005
0.847 0.415 0 0.005
0.847 0.953 0 0.005
0.849 0.43 0 0.005
0.849 0.505 0 0.005
0.85 0.139 0 0.005
0.85 0.303 0 0.005
0.85 0.337 0 0.005
0.85 0.638 0 0.005
0.85 0.825 0 0.005
0.851 0.728 0 0.005
0.852 0.541 0 0.005
0.852 0.754 0 0.005
0.853 0.0033125 0 0.005
0.853 0.222 0 0.005
0.853 0.865 0 0.005
0.854 0.673 0 0.005
0.854 0.71 0 0.005
0.855 0.574 0 0.005
0.855 0.601 0 0.005
0.856 0.556 0 0.005
0.856 0.618 0 0.005
0.856 0.788 0 0.005
0.856 0.889 0 0.005
0.857 0.193 0 0.005
0.857 0.235 0 0.005
0.857 0.352 0 0.005
0.857 0.452 0 0.005
0.858 0.092 0 0.005
0.858 0.425 0 0.005
0.859 0.651 0 0.005
0.859 0.839 0 0.005
0.86 0.684 0 0.005
0.861 0.034 0 0.005
0.861 0.927 0 0.005
0.862 0.384 0 0.005
0.863 0.519 0 0.005
0.863 0.975 0 0.005
0.863 0.0004166666666666667 0 0.005
0.864 0.494 0 0.005
0.864 0.694 0 0.005
0.864 0.815 0 0.005
0.864 0.827 0 0.005
0.864 0.88 0 0.005
0.864 0.937 0 0.005
0.865 0.107 0 0.005
0.865 0.122 0 0.005
0.865 0.143 0 0.005
0.865 0.361 0 0.005
0.865 0.728 0 0.005
0.866 0.051 0 0.005
0.866 0.33 0 0.005
0.866 0.438 0 0.005
0.866 0.71 0 0.005
0.867 0.555 0 0.005
0.867 0.754 0 0.005
0.867 0.78 0 0.005
0.868 0.09 0 0.005
0.868 0.454 0 0.005
0.868 0.953 0 0.005
0.869 0.238 0 0.005
0.869 0.251 0 0.005
0.869 0.609 0 0.005
0.869 0.964 0 0.005
0.869 0.9972564102564103 0 0.005
0.87 0.027 0 0.005
0.87 0.427 0 0.005
0.871 0.014 0 0.005
0.871 0.312 0 0.005
0.871 0.401 0 0.005
0.872 0.513 0 0.005
0.872 0.54 0 0.005
0.872 0.624 0 0.005
0.872 0.641 0 0.005
0.872 0.655 0 0.005
0.872 0.7 0 0.005
0.874 0.116 0 0.005
0.874 0.349 0 0.005
0.874 0.977 0 0.005
0.875 0.099 0 0.005
0.876 0.053 0 0.005
0.876 0.132 0 0.005
0.876 0.196 0 0.005
0.877 0.815 0 0.005
0.877 0.876 0 0.005
0.878 0.373 0 0.005
0.879 0.036 0 0.005
0.879 0.389 0 0.005
0.879 0.933 0 0.005
0.88 0.497 0 0.005
0.88 0.803 0 0.005
0.881 0.402 0 0.005
0.882 0.224 0 0.005
0.882 0.278 0 0.005
0.882 0.468 0 0.005
0.882 0.921 0 0.005
0.882 0.987 0 0.005
0.883 0.006 0 0.005
0.883 0.253 0 0.005
0.883 0.479 0 0.005
0.883 0.541 0 0.005
0.884 0.524 0 0.005
0.884 0.692 0 0.005
0.885 0.331 0 0.005
0.885 0.413 0 0.005
0.886 0.576 0 0.005
0.886 0.864 0 0.005
0.887 0.305 0 0.005
0.887 0.367 0 0.005
0.887 0.457 0 0.005
0.887 0.673 0 0.005
0.887 0.972 0 0.005
0.888 0.115 0 0.005
0.888 0.753 0 0.005
0.889 0.629 0 0.005
0.889 0.659 0 0.005
0.889 0.95 0 0.005
0.89 0.035 0 0.005
0.89 0.354 0 0.005
0.891 0.046 0 0.005
0.891 0.597 0 0.005
0.892 0.18 0 0.005
0.892 0.814 0 0.005
0.892 0.912 0 0.005
0.892 0.99 0 0.005
0.893 0.19 0 0.005
0.893 0.237 0 0.005
0.894 0.017 0 0.005
0.894 0.42 0 0.005
0.894 0.786 0 0.005
0.895 0.403 0 0.005
0.895 0.761 0 0.005
0.896 0.083 0 0.005
0.897 0.122 0 0.005
0.897 0.247 0 0.005
0.897 0.296 0 0.005
0.897 0.373 0 0.005
0.897 0.437 0 0.005
0.897 0.468 0 0.005
0.897 0.503 0 0.005
0.897 0.677 0 0.005
0.897 0.699 0 0.005
0.897 0.745 0 0.005
0.897 0.834 0 0.005
0.897 0.901 0 0.005
0.898 0.065 0 0.005
0.898 0.885 0 0.005
0.899 0.14 0 0.005
0.899 0.276 0 0.005
0.899 0.319 0 0.005
0.9 0.222 0 0.005
0.9 0.569 0 0.005
0.901 0.03 0 0.005
0.901 0.485 0 0.005
0.902 0.091 0 0.005
0.902 0.151 0 0.005
0.902 0.687 0 0.005
0.902 0.729 0 0.005
0.902 0.778 0 0.005
0.903 0.049 0 0.005
0.903 0.844 0 0.005
0.901 0.999 0 0.005
0.904 0.01 0 0.005
0.904 0.204 0 0.005
0.904 0.535 0 0.005
0.904 0.628 0 0.005
0.904 0.957 0 0.005
0.905 0.115 0 0.005
0.905 0.183 0 0.005
0.905 0.767 0 0.005
0.905 0.94 0 0.005
0.907 0.31 0 0.005
0.907 0.897 0 0.005
0.907 0.927 0 0.005
0.908 0.668 0 0.005
0.908 0.708 0 0.005
0.909 0.371 0 0.005
0.909 0.463 0 0.005
0.91 0.567 0 0.005
0.91 0.603 0 0.005
0.91 0.736 0 0.005
0.911 0.582 0 0.005
0.911 0.79 0 0.005
0.912 0.39 0 0.005
0.912 0.545 0 0.005
0.913 0.024 0 0.005
0.913 0.752 0 0.005
0.914 0.065 0 0.005
0.914 0.435 0 0.005
0.915 0.102 0 0.005
0.915 0.514 0 0.005
0.915 0.881 0 0.005
0.916 0.534 0 0.005
0.917 0.632 0 0.005
0.917 0.676 0 0.005
0.917 0.988 0 0.005
0.918 0.135 0 0.005
0.918 0.279 0 0.005
0.918 0.452 0 0.005
0.918 0.696 0 0.005
0.918 0.774 0 0.005
0.92 0.206 0 0.005
0.92 0.365 0 0.005
0.92 0.407 0 0.005
0.92 0.871 0 0.005
0.921 0.158 0 0.005
0.921 0.838 0 0.005
0.921 0.919 0 0.005
0.922 0.593 0 0.005
0.922 0.905 0 0.005
0.922 0.97 0 0.005
0.923 0.234 0 0.005
0.923 0.852 0 0.005
0.923 0.931 0 0.005
0.923 0.96 0 0.005
0.924 0.097 0 0.005
0.924 0.255 0 0.005
0.924 0.421 0 0.005
0.924 0.466 0 0.005
0.924 0.686 0 0.005
0.925 0.493 0 0.005
0.926 0.051 0 0.005
0.926 0.383 0 0.005
0.926 0.516 0 0.005
0.926 0.818 0 0.005
0.926 0.948 0 0.005
0.927 0.731 0 0.005
0.928 0.018 0 0.005
0.928 0.674 0 0.005
0.929 0.14 0 0.005
0.929 0.164 0 0.005
0.929 0.339 0 0.005
0.929 0.533 0 0.005
0.929 0.782 0 0.005
0.93 0.7 0 0.005
0.93 0.75 0 0.005
0.931 0.246 0 0.005
0.931 0.321 0 0.005
0.932 0.209 0 0.005
0.933 0.191 0 0.005
0.933 0.275 0 0.005
0.934 0.577 0 0.005
0.934 0.892 0 0.005
0.935 0.461 0 0.005
0.935 0.882 0 0.005
0.936 0.1 0 0.005
0.936 0.68 0 0.005
0.936 0.903 0 0.005
0.937 0.817 0 0.005
0.938 0.396 0 0.005
0.938 0.485 0 0.005
0.939 0.299 0 0.005
0.939 0.341 0 0.005
0.939 0.93 0 0.005
0.939 0.961 0 0.005
0.94 0.44 0 0.005
0.94 0.767 0 0.005
0.94 0.845 0 0.005
0.941 0.114 0 0.005
0.941 0.352 0 0.005
0.942 0.066 0 0.005
0.942 0.43 0 0.005
0.943 0.154 0 0.005
0.943 0.174 0 0.005
0.943 0.213 0 0.005
0.943 0.537 0 0.005
0.944 0.316 0 0.005
0.944 0.572 0 0.005
0.945 0.503 0 0.005
0.945 0.6 0 0.005
0.945 0.669 0 0.005
0.945 0.834 0 0.005
0.946 0.034 0 0.005
0.946 0.688 0 0.005
0.946 0.744 0 0.005
0.946 0.807 0 0.005
0.947 0.08 0 0.005
0.947 0.255 0 0.005
0.947 0.469 0 0.005
0.947 0.732 0 0.005
0.948 0.517 0 0.005
0.948 0.629 0 0.005
0.949 0.223 0 0.005
0.95 0.527 0 0.005
0.95 0.892 0 0.005
0.95 0.915 0 0.005
0.951 0.2 0 0.005
0.952 0.361 0 0.005
0.952 0.953 0 0.005
0.953 0.137 0 0.005
0.953 0.165 0 0.005
0.953 0.329 0 0.005
0.953 0.553 0 0.005
0.953 0.719 0 0.005
0.953 0.971 0 0.005
0.954 0.9977333333333334 0 0.005
0.955 0.028 0 0.005
0.955 0.124 0 0.005
0.955 0.703 0 0.005
0.956 0.385 0 0.005
0.956 0.395 0 0.005
0.956 0.461 0 0.005
0.956 0.537 0 0.005
0.956 0.567 0 0.005
0.957 0.25 0 0.005
0.957 0.659 0 0.005
0.958 0.186 0 0.005
0.958 0.934 0 0.005
0.959 0.487 0 0.005
0.959 0.672 0 0.005
0.96 0.079 0 0.005
0.96 0.212 0 0.005
0.961 0.774 0 0.005
0.962 0.285 0 0.005
0.962 0.787 0 0.005
0.962 0.838 0 0.005
0.962 0.992 0 0.005
0.963 0.002719298245614035 0 0.005
0.963 0.515 0 0.005
0.963 0.804 0 0.005
0.963 0.97 0 0.005
0.964 0.335 0 0.005
0.964 0.428 0 0.005
0.964 0.628 0 0.005
0.964 0.759 0 0.005
0.964 0.861 0 0.005
0.965 0.155 0 0.005
0.965 0.227 0 0.005
0.965 0.354 0 0.005
0.965 0.589 0 0.005
0.966 0.053 0 0.005
0.967 0.099 0 0.005
0.967 0.367 0 0.005
0.967 0.554 0 0.005
0.968 0.18 0 0.005
0.968 0.382 0 0.005
0.969 0.041 0 0.005
0.969 0.812 0 0.005
0.97 0.318 0 0.005
0.97 0.564 0 0.005
0.97 0.636 0 0.005
0.97 0.895 0 0.005
0.97 0.942 0 0.005
0.971 0.133 0 0.005
0.971 0.492 0 0.005
0.971 0.656 0 0.005
0.971 0.743 0 0.005
0.971 0.909 0 0.005
0.972 0.029 0 0.005
0.972 0.268 0 0.005
0.972 0.978 0 0.005
0.973 0.784 0 0.005
0.974 0.666 0 0.005
0.974 0.68 0 0.005
0.975 0.235 0 0.005
0.975 0.293 0 0.005
0.975 0.459 0 0.005
0.975 0.772 0 0.005
0.976 0.149 0 0.005
0.976 0.374 0 0.005
0.976 0.427 0 0.005
0.977 0.207 0 0.005
0.977 0.803 0 0.005
0.977 0.99 0 0.005
0.978 0.413 0 0.005
0.978 0.825 0 0.005
0.978 0.966 0 0.005
0.98 0.328 0 0.005
0.98 0.58 0 0.005
0.981 0.191 0 0.005
0.981 0.302 0 0.005
0.981 0.55 0 0.005
0.981 0.889 0 0.005
0.982 0.104 0 0.005
0.982 0.4 0 0.005
0.982 0.487 0 0.005
0.982 0.713 0 0.005
0.982 0.85 0 0.005
0.983 0.016 0 0.005
0.983 0.269 0 0.005
0.983 0.627 0 0.005
0.983 0.949 0 0.005
0.984 0.043 0 0.005
0.984 0.067 0 0.005
0.985 0.17 0 0.005
0.985 0.368 0 0.005
0.986 0.082 0 0.005
0.986 0.222 0 0.005
0.986 0.833 0 0.005
0.987 0.124 0 0.005
0.987 0.649 0 0.005
0.988 0.344 0 0.005
0.988 0.743 0 0.005
0.988 0.934 0 0.005
0.989 0.467 0 0.005
0.989 0.86 0 0.005
0.989 0.872 0 0.005
0.99 0.315 0 0.005
0.99 0.33 0 0.005
0.99 0.503 0 0.005
0.99 0.571 0 0.005
0.991 0.619 0 0.005
0.992 0.399 0 0.005
0.992 0.588 0 0.005
0.993 0.204 0 0.005
0.993 0.293 0 0.005
0.993 0.988 0 0.005
0.994 0.726 0 0.005
0.995 0.011 0 0.005
0.995 0.049 0 0.005
0.995 0.559 0 0.005
0.995 0.599 0 0.005
0.995 0.814 0 0.005
0.9956875 0.066 0 0.005
0.9956875 0.427 0 0.005
0.9956875 0.542 0 0.005
0.9956875 0.665 0 0.005
0.9956875 0.9 0 0.005
0.996280701754386 0.088 0 0.005
0.996280701754386 0.165 0 0.005
0.996280701754386 0.827 0 0.005
0.996280701754386 0.951 0 0.005
0.9967708333333334 0.025 0 0.005
0.9972564102564103 0.685 0 0.005
0.9972564102564103 0.799 0 0.005
0.9972564102564103 0.941 0 0.005
0.9977333333333334 0.26 0 0.005
0.9977333333333334 0.496 0 0.005
0.9977333333333334 0.609 0 0.005
0.9977333333333334 0.715 0 0.005
0.9977333333333334 0.852 0 0.005
0.9981904761904762 0.145 0 0.005
0.9981904761904762 0.217 0 0.005
0.9981904761904762 0.699 0 0.005
0.9981904761904762 0.757 0 0.005
0.9981904761904762 0.978 0 0.005
0.9985833333333334 0.117 0 0.005
0.9985833333333334 0.567 0 0.005
